1 0.844017094017094 0.22731481481481483 0.05384615384615385 0.125
1 0.7583333333333333 0.22453703703703703 0.018376068376068377 0.04351851851851852
1 0.6423076923076924 0.3662037037037037 0.1 0.30648148148148147
1 0.48376068376068376 0.2925925925925926 0.015384615384615385 0.04814814814814815
1 0.47307692307692306 0.2925925925925926 0.01452991452991453 0.03888888888888889
1 0.46260683760683763 0.21481481481481482 0.014957264957264958 0.03518518518518519
1 0.43696581196581197 0.19861111111111113 0.014957264957264958 0.05092592592592593
1 0.3856837606837607 0.22592592592592595 0.02264957264957265 0.05185185185185186
1 0.3175213675213675 0.312962962962963 0.05384615384615385 0.16481481481481483
1 0.22286324786324788 0.3375 0.026923076923076925 0.0638888888888889
