1 0.19423076923076923 0.2986111111111111 0.016666666666666666 0.04351851851851852
1 0.3217948717948718 0.22037037037037038 0.024786324786324785 0.08888888888888889
1 0.6478632478632479 0.3995370370370371 0.03418803418803419 0.08425925925925926
1 0.5918803418803419 0.25833333333333336 0.024786324786324785 0.06851851851851852
1 0.45213675213675214 0.28425925925925927 0.02735042735042735 0.05555555555555556
1 0.40341880341880343 0.274537037037037 0.019658119658119658 0.036111111111111115
1 0.36538461538461536 0.38796296296296295 0.026495726495726495 0.07222222222222223
1 0.23632478632478632 0.3287037037037037 0.017948717948717947 0.0462962962962963
1 0.21217948717948718 0.38101851851851853 0.020085470085470087 0.030555555555555558
1 0.872008547008547 0.40694444444444444 0.03034188034188034 0.05277777777777778
