1 0.7914529914529914 0.26851851851851855 0.01623931623931624 0.044444444444444446
1 0.725 0.26666666666666666 0.020085470085470087 0.05185185185185186
1 0.6856837606837607 0.3060185185185185 0.03376068376068376 0.08796296296296297
1 0.5946581196581197 0.3375 0.03547008547008547 0.13425925925925927
1 0.41752136752136754 0.31342592592592594 0.026495726495726495 0.06759259259259259
1 0.4463675213675214 0.2657407407407408 0.01752136752136752 0.05
1 0.5004273504273504 0.23796296296296296 0.01282051282051282 0.016666666666666666
1 0.3121794871794872 0.24444444444444446 0.013247863247863248 0.040740740740740744
1 0.3598290598290598 0.5171296296296296 0.06923076923076923 0.2601851851851852
1 0.2536324786324786 0.3314814814814815 0.03034188034188034 0.10370370370370371
1 0.2111111111111111 0.28750000000000003 0.020512820512820513 0.06018518518518519
1 0.09786324786324786 0.30185185185185187 0.017948717948717947 0.05185185185185186
