1 0.8205128205128205 0.2300925925925926 0.01282051282051282 0.026851851851851852
1 0.8126068376068376 0.33240740740740743 0.03888888888888889 0.0962962962962963
1 0.6760683760683761 0.513425925925926 0.0829059829059829 0.1953703703703704
1 0.6418803418803419 0.3013888888888889 0.021367521367521368 0.06574074074074074
1 0.7138888888888889 0.24861111111111112 0.013247863247863248 0.04351851851851852
1 0.5670940170940171 0.26944444444444443 0.018803418803418803 0.0462962962962963
1 0.6164529914529915 0.2439814814814815 0.013247863247863248 0.032407407407407406
1 0.4568376068376068 0.3768518518518519 0.03333333333333333 0.14074074074074075
1 0.5384615384615384 0.24212962962962964 0.01452991452991453 0.03981481481481482
1 0.5012820512820513 0.2638888888888889 0.010256410256410256 0.031481481481481485
1 0.48055555555555557 0.25416666666666665 0.01581196581196581 0.021296296296296296
1 0.4673076923076923 0.23287037037037037 0.014957264957264958 0.03796296296296296
1 0.4164529914529915 0.28703703703703703 0.016666666666666666 0.05555555555555556
1 0.3955128205128205 0.25324074074074077 0.014957264957264958 0.036111111111111115
1 0.3072649572649573 0.31666666666666665 0.03076923076923077 0.10925925925925926
1 0.22692307692307692 0.30324074074074076 0.021367521367521368 0.06018518518518519
1 0.30277777777777776 0.24212962962962964 0.01581196581196581 0.03981481481481482
1 0.16773504273504272 0.2657407407407408 0.019230769230769232 0.044444444444444446
