1 0.8418803418803419 0.4203703703703704 0.01282051282051282 0.016666666666666666
1 0.8226495726495726 0.4175925925925926 0.011111111111111112 0.016666666666666666
1 0.8066239316239316 0.42083333333333334 0.009829059829059829 0.012037037037037037
1 0.7893162393162393 0.42083333333333334 0.010256410256410256 0.032407407407407406
1 0.7532051282051282 0.4175925925925926 0.008974358974358974 0.037037037037037035
1 0.7288461538461538 0.40601851851851856 0.010683760683760684 0.030555555555555558
1 0.6978632478632478 0.412962962962963 0.011111111111111112 0.022222222222222223
1 0.6728632478632479 0.4087962962962963 0.01581196581196581 0.030555555555555558
1 0.6401709401709401 0.4138888888888889 0.013675213675213675 0.02962962962962963
1 0.6008547008547008 0.40740740740740744 0.015384615384615385 0.03333333333333333
1 0.5585470085470086 0.4083333333333333 0.01623931623931624 0.037037037037037035
1 0.49594017094017095 0.4189814814814815 0.016666666666666666 0.04166666666666667
1 0.43846153846153846 0.4046296296296297 0.017948717948717947 0.04814814814814815
1 0.358974358974359 0.4134259259259259 0.01623931623931624 0.04722222222222222
1 0.2918803418803419 0.4324074074074074 0.021367521367521368 0.0462962962962963
1 0.18653846153846154 0.4277777777777778 0.02606837606837607 0.040740740740740744
