1 0.8262820512820512 0.2884259259259259 0.014102564102564103 0.030555555555555558
1 0.8487179487179487 0.34351851851851856 0.01623931623931624 0.05185185185185186
1 0.7976495726495727 0.3712962962962963 0.02264957264957265 0.04814814814814815
1 0.7948717948717948 0.2884259259259259 0.01452991452991453 0.03981481481481482
1 0.7623931623931623 0.3662037037037037 0.018803418803418803 0.058333333333333334
1 0.7286324786324786 0.3458333333333333 0.007692307692307693 0.03425925925925926
1 0.7064102564102565 0.34444444444444444 0.01452991452991453 0.03333333333333333
1 0.6688034188034188 0.35833333333333334 0.015384615384615385 0.044444444444444446
1 0.6427350427350428 0.29305555555555557 0.011965811965811965 0.032407407407407406
1 0.6604700854700855 0.4287037037037037 0.021794871794871794 0.08703703703703704
1 0.6 0.33240740740740743 0.013675213675213675 0.0462962962962963
1 0.5284188034188034 0.44351851851851853 0.029487179487179487 0.08333333333333334
1 0.5463675213675213 0.3300925925925926 0.01752136752136752 0.05462962962962963
1 0.507051282051282 0.26435185185185184 0.011538461538461539 0.036111111111111115
1 0.5068376068376068 0.3421296296296296 0.01623931623931624 0.04351851851851852
1 0.4655982905982906 0.32546296296296295 0.01581196581196581 0.04351851851851852
1 0.47863247863247865 0.3087962962962963 0.010256410256410256 0.028703703703703703
1 0.44166666666666665 0.33472222222222225 0.016666666666666666 0.06944444444444445
1 0.419017094017094 0.4615740740740741 0.031196581196581197 0.10277777777777779
1 0.41217948717948716 0.25601851851851853 0.012393162393162393 0.028703703703703703
1 0.3927350427350427 0.32407407407407407 0.01452991452991453 0.02592592592592593
1 0.3311965811965812 0.3648148148148148 0.026495726495726495 0.07407407407407407
1 0.3474358974358974 0.31342592592592594 0.013675213675213675 0.05092592592592593
1 0.30662393162393164 0.3125 0.009829059829059829 0.025
1 0.24188034188034188 0.4277777777777778 0.02393162393162393 0.07407407407407407
1 0.2049145299145299 0.5601851851851852 0.05 0.1277777777777778
1 0.15363247863247864 0.3726851851851852 0.02264957264957265 0.062037037037037036
1 0.1032051282051282 0.35833333333333334 0.02264957264957265 0.053703703703703705
