0 0.6771028037383178 0.36447811447811446 0.02149532710280374 0.04208754208754208
0 0.5967289719626169 0.34595959595959597 0.017757009345794394 0.04882154882154882
0 0.5579439252336449 0.30303030303030304 0.01869158878504673 0.043771043771043766
0 0.40560747663551405 0.29713804713804715 0.020560747663551402 0.03535353535353535
0 0.7780373831775701 0.3055555555555555 0.01588785046728972 0.04208754208754208
0 0.7588785046728972 0.24158249158249157 0.016822429906542057 0.04208754208754208
0 0.7985981308411215 0.18097643097643096 0.01588785046728972 0.03535353535353535
0 0.8485981308411216 0.17424242424242423 0.020560747663551402 0.03535353535353535
0 0.8285046728971963 0.13636363636363635 0.01588785046728972 0.03367003367003367
0 0.8658878504672898 0.1271043771043771 0.012149532710280374 0.03198653198653199
0 0.8668224299065421 0.2365319865319865 0.014018691588785047 0.03535353535353535
0 0.744392523364486 0.1473063973063973 0.017757009345794394 0.03872053872053872
0 0.6682242990654206 0.20707070707070707 0.014953271028037384 0.03367003367003367
0 0.6560747663551402 0.1893939393939394 0.016822429906542057 0.03198653198653199
0 0.6107476635514019 0.2079124579124579 0.02149532710280374 0.04208754208754208
0 0.7074766355140187 0.22727272727272727 0.01869158878504673 0.03367003367003367
0 0.7355140186915888 0.21717171717171715 0.01869158878504673 0.03367003367003367
0 0.697196261682243 0.17676767676767677 0.013084112149532711 0.026936026936026935
0 0.7182242990654206 0.17087542087542087 0.01588785046728972 0.03198653198653199
0 0.6831775700934579 0.15404040404040403 0.014953271028037384 0.028619528619528618
0 0.46822429906542057 0.2567340067340067 0.01869158878504673 0.028619528619528618
0 0.48177570093457944 0.19107744107744107 0.01588785046728972 0.028619528619528618
0 0.5023364485981309 0.2062289562289562 0.01588785046728972 0.021885521885521883
0 0.525233644859813 0.22138047138047137 0.014953271028037384 0.028619528619528618
0 0.46448598130841123 0.18181818181818182 0.013084112149532711 0.0303030303030303
0 0.4411214953271028 0.23569023569023567 0.016822429906542057 0.0303030303030303
0 0.41448598130841124 0.23737373737373738 0.01588785046728972 0.026936026936026935
0 0.36915887850467294 0.21717171717171715 0.014953271028037384 0.026936026936026935
0 0.385981308411215 0.1978114478114478 0.014953271028037384 0.025252525252525252
0 0.34626168224299064 0.2222222222222222 0.017757009345794394 0.0303030303030303
0 0.3252336448598131 0.22306397306397305 0.016822429906542057 0.03198653198653199
0 0.33738317757009345 0.28787878787878785 0.01869158878504673 0.026936026936026935
0 0.3341121495327103 0.2626262626262626 0.014018691588785047 0.026936026936026935
0 0.29626168224299065 0.2643097643097643 0.01869158878504673 0.03367003367003367
0 0.4518691588785047 0.15067340067340065 0.012149532710280374 0.025252525252525252
0 0.5836448598130841 0.16077441077441076 0.017757009345794394 0.03535353535353535
0 0.6121495327102804 0.14225589225589225 0.013084112149532711 0.025252525252525252
0 0.6448598130841122 0.11363636363636363 0.011214953271028038 0.018518518518518517
0 0.691588785046729 0.10353535353535354 0.009345794392523366 0.018518518518518517
0 0.75 0.10942760942760943 0.012149532710280374 0.0202020202020202
0 0.7822429906542057 0.11616161616161616 0.011214953271028038 0.02356902356902357
0 0.5406542056074767 0.1717171717171717 0.01588785046728972 0.0303030303030303
0 0.6612149532710281 0.2567340067340067 0.017757009345794394 0.045454545454545456
0 0.47943925233644863 0.3223905723905724 0.020560747663551402 0.045454545454545456
0 0.2602803738317757 0.26346801346801346 0.014018691588785047 0.03198653198653199
0 0.883177570093458 0.20117845117845118 0.014953271028037384 0.03535353535353535
0 0.8925233644859814 0.1271043771043771 0.011214953271028038 0.03198653198653199
0 0.9266355140186916 0.15404040404040403 0.012149532710280374 0.03872053872053872
0 0.9224299065420561 0.18686868686868685 0.016822429906542057 0.0404040404040404
0 0.08691588785046729 0.4183501683501683 0.03551401869158879 0.0723905723905724
