0 0.6893153526970954 0.6471135940409684 0.06535269709543569 0.16201117318435754
0 0.7157676348547718 0.44320297951582865 0.04564315352697095 0.11173184357541899
0 0.6307053941908713 0.2532588454376164 0.024896265560165977 0.0521415270018622
0 0.58298755186722 0.23370577281191807 0.01867219917012448 0.05027932960893855
0 0.8319502074688797 0.26350093109869643 0.01867219917012448 0.042830540037243944
0 0.7935684647302904 0.23556797020484171 0.01867219917012448 0.04655493482309125
0 0.9496887966804979 0.21973929236499068 0.011410788381742738 0.037243947858473
0 0.5191908713692946 0.20204841713221602 0.01970954356846473 0.03165735567970205
0 0.5549792531120332 0.20670391061452514 0.016597510373443983 0.037243947858473
0 0.4408713692946058 0.23556797020484171 0.016597510373443983 0.027932960893854747
