0 0.49624413145539903 0.3056013179571664 0.029107981220657275 0.04118616144975289
0 0.6150234741784038 0.25123558484349257 0.028169014084507043 0.047775947281713346
0 0.7610328638497652 0.21911037891268534 0.0215962441314554 0.03953871499176277
0 0.7136150234741784 0.19357495881383854 0.020657276995305163 0.051070840197693576
0 0.3948356807511737 0.28665568369028005 0.023474178403755867 0.042833607907743
0 0.3544600938967136 0.2981878088962109 0.0215962441314554 0.03953871499176277
0 0.4619718309859155 0.23805601317957167 0.028169014084507043 0.03789126853377265
0 0.49295774647887325 0.24299835255354202 0.03568075117370892 0.051070840197693576
0 0.4032863849765258 0.22322899505766064 0.019718309859154928 0.04118616144975289
0 0.4112676056338028 0.1927512355848435 0.018779342723004695 0.032948929159802305
0 0.3643192488262911 0.200164744645799 0.020657276995305163 0.03130148270181219
0 0.30422535211267604 0.17627677100494235 0.016901408450704224 0.036243822075782535
0 0.9652582159624413 0.11367380560131796 0.013145539906103286 0.026359143327841845
0 0.5751173708920188 0.14085667215815487 0.01596244131455399 0.02800658978583196
0 0.46150234741784035 0.20098846787479407 0.014084507042253521 0.032948929159802305
0 0.49014084507042255 0.19604612850082373 0.02253521126760563 0.026359143327841845
