0 0.2335680751173709 0.384453781512605 0.04929577464788733 0.10084033613445378
0 0.5534037558685446 0.19012605042016806 0.015258215962441314 0.031512605042016806
0 0.5416666666666666 0.305672268907563 0.01995305164319249 0.044117647058823525
0 0.6654929577464789 0.3277310924369748 0.02112676056338028 0.04621848739495798
0 0.8233568075117371 0.37710084033613445 0.02699530516431925 0.06932773109243698
0 0.7241784037558686 0.27205882352941174 0.02112676056338028 0.052521008403361345
0 0.7640845070422535 0.2468487394957983 0.02112676056338028 0.05672268907563025
0 0.7411971830985916 0.21638655462184872 0.015258215962441314 0.04201680672268907
0 0.7083333333333334 0.2079831932773109 0.015258215962441314 0.029411764705882353
0 0.670774647887324 0.20483193277310924 0.015258215962441314 0.03571428571428571
0 0.6261737089201878 0.20483193277310924 0.017605633802816902 0.03991596638655462
0 0.6690140845070423 0.25315126050420167 0.025821596244131457 0.052521008403361345
