0 0.17589118198874296 0.5067114093959731 0.03470919324577861 0.07718120805369127
0 0.6346153846153846 0.32466442953020136 0.019699812382739212 0.04530201342281879
0 0.5642589118198874 0.2911073825503356 0.02345215759849906 0.04865771812080537
0 0.5187617260787992 0.3011744966442953 0.020637898686679174 0.03859060402684564
0 0.4268292682926829 0.2651006711409396 0.01876172607879925 0.040268456375838924
0 0.47560975609756095 0.22902684563758388 0.01876172607879925 0.03859060402684564
0 0.3902439024390244 0.2684563758389262 0.024390243902439025 0.0436241610738255
0 0.3630393996247655 0.24580536912751677 0.016885553470919325 0.03859060402684564
0 0.31144465290806755 0.2197986577181208 0.0150093808630394 0.02348993288590604
0 0.27298311444652906 0.2407718120805369 0.0150093808630394 0.028523489932885907
0 0.3128517823639775 0.24916107382550334 0.017823639774859287 0.028523489932885907
0 0.3433395872420263 0.2063758389261745 0.016885553470919325 0.03355704697986577
0 0.6228893058161351 0.25167785234899326 0.0300187617260788 0.04697986577181208
0 0.6791744840525328 0.26258389261744963 0.0225140712945591 0.04865771812080537
0 0.7059099437148217 0.28942953020134227 0.027204502814258912 0.03859060402684564
0 0.7631332082551595 0.2827181208053691 0.02345215759849906 0.05201342281879195
0 0.8414634146341463 0.3011744966442953 0.020637898686679174 0.04530201342281879
0 0.8578799249530957 0.23909395973154363 0.019699812382739212 0.04530201342281879
0 0.9301125703564728 0.2609060402684564 0.019699812382739212 0.05201342281879195
0 0.8958724202626641 0.19798657718120805 0.0150093808630394 0.03355704697986577
0 0.8372420262664165 0.200503355704698 0.017823639774859287 0.04530201342281879
0 0.8461538461538461 0.18120805369127516 0.013133208255159474 0.026845637583892617
0 0.7546904315196998 0.24161073825503354 0.019699812382739212 0.03691275167785235
0 0.7054409005628518 0.22147651006711408 0.01876172607879925 0.0436241610738255
0 0.7199812382739212 0.16526845637583892 0.01594746716697936 0.03523489932885906
0 0.7406191369606003 0.19463087248322147 0.017823639774859287 0.03691275167785235
0 0.7720450281425891 0.20889261744966442 0.016885553470919325 0.03859060402684564
0 0.7645403377110694 0.16442953020134227 0.013133208255159474 0.03355704697986577
0 0.7847091932457786 0.1518456375838926 0.01594746716697936 0.03859060402684564
0 0.7476547842401501 0.1325503355704698 0.0150093808630394 0.03355704697986577
0 0.7138836772983115 0.13003355704697986 0.0150093808630394 0.028523489932885907
0 0.6890243902439024 0.14681208053691275 0.01594746716697936 0.02181208053691275
0 0.6547842401500938 0.17281879194630873 0.0150093808630394 0.03355704697986577
0 0.6679174484052532 0.2181208053691275 0.026266416510318948 0.040268456375838924
0 0.6289868667917449 0.2030201342281879 0.02345215759849906 0.040268456375838924
0 0.5816135084427767 0.1686241610738255 0.01876172607879925 0.03859060402684564
0 0.524390243902439 0.18624161073825504 0.016885553470919325 0.03691275167785235
0 0.5028142589118199 0.1912751677852349 0.016885553470919325 0.03355704697986577
0 0.47701688555347094 0.18875838926174496 0.019699812382739212 0.03523489932885906
0 0.4455909943714822 0.18288590604026844 0.020637898686679174 0.03355704697986577
0 0.4146341463414634 0.18288590604026844 0.016885553470919325 0.026845637583892617
0 0.3907129455909944 0.18540268456375839 0.01594746716697936 0.028523489932885907
0 0.37476547842401503 0.18456375838926173 0.014071294559099437 0.026845637583892617
0 0.38602251407129456 0.2181208053691275 0.01594746716697936 0.030201342281879193
0 0.5487804878048781 0.16442953020134227 0.0150093808630394 0.03355704697986577
0 0.5595684803001876 0.1493288590604027 0.014071294559099437 0.020134228187919462
0 0.5211069418386491 0.1535234899328859 0.014071294559099437 0.028523489932885907
0 0.6130393996247655 0.14345637583892618 0.017823639774859287 0.025167785234899327
0 0.6383677298311444 0.11577181208053691 0.014071294559099437 0.030201342281879193
0 0.6796435272045028 0.11912751677852348 0.01594746716697936 0.026845637583892617
0 0.5830206378986866 0.12164429530201341 0.014071294559099437 0.028523489932885907
0 0.5619136960600375 0.12164429530201341 0.016885553470919325 0.02181208053691275
0 0.8025328330206379 0.16023489932885907 0.01594746716697936 0.03859060402684564
0 0.8358348968105066 0.1476510067114094 0.016885553470919325 0.026845637583892617
0 0.8832082551594747 0.17030201342281878 0.012195121951219513 0.031879194630872486
