0 0.10553278688524591 0.28351449275362317 0.022540983606557378 0.04891304347826087
0 0.29969262295081966 0.22010869565217392 0.013319672131147542 0.02717391304347826
0 0.40368852459016397 0.27717391304347827 0.014344262295081968 0.036231884057971016
0 0.5722336065573771 0.2807971014492754 0.02151639344262295 0.043478260869565216
0 0.48463114754098363 0.22644927536231885 0.01639344262295082 0.036231884057971016
0 0.45030737704918034 0.2210144927536232 0.017418032786885248 0.036231884057971016
0 0.6280737704918034 0.25815217391304346 0.022540983606557378 0.041666666666666664
0 0.6869877049180328 0.2608695652173913 0.017418032786885248 0.043478260869565216
0 0.7172131147540984 0.2572463768115942 0.012295081967213115 0.04710144927536232
0 0.7423155737704918 0.26992753623188404 0.017418032786885248 0.043478260869565216
0 0.7689549180327869 0.2753623188405797 0.015368852459016395 0.03985507246376812
0 0.8012295081967213 0.2916666666666667 0.018442622950819672 0.043478260869565216
0 0.8601434426229508 0.31068840579710144 0.025614754098360656 0.041666666666666664
0 0.8765368852459017 0.2753623188405797 0.017418032786885248 0.04710144927536232
0 0.8376024590163935 0.24818840579710144 0.0194672131147541 0.036231884057971016
0 0.7520491803278689 0.21467391304347827 0.014344262295081968 0.034420289855072464
0 0.7966188524590164 0.2318840579710145 0.02151639344262295 0.03260869565217391
0 0.8073770491803279 0.1693840579710145 0.01639344262295082 0.03804347826086957
0 0.701844262295082 0.16485507246376813 0.01639344262295082 0.025362318840579712
0 0.6752049180327869 0.23097826086956522 0.022540983606557378 0.03804347826086957
0 0.6275614754098361 0.2056159420289855 0.02151639344262295 0.01992753623188406
0 0.5035860655737705 0.19293478260869565 0.013319672131147542 0.034420289855072464
0 0.4795081967213115 0.16757246376811594 0.012295081967213115 0.02717391304347826
0 0.5066598360655737 0.14855072463768115 0.0194672131147541 0.021739130434782608
0 0.5230532786885246 0.18297101449275363 0.013319672131147542 0.025362318840579712
0 0.4825819672131148 0.1358695652173913 0.012295081967213115 0.018115942028985508
0 0.4375 0.1431159420289855 0.012295081967213115 0.021739130434782608
0 0.4441598360655738 0.1793478260869565 0.013319672131147542 0.03260869565217391
0 0.3939549180327869 0.2210144927536232 0.015368852459016395 0.021739130434782608
0 0.41854508196721313 0.22192028985507248 0.013319672131147542 0.02717391304347826
0 0.35963114754098363 0.23097826086956522 0.018442622950819672 0.02355072463768116
0 0.37141393442622955 0.1983695652173913 0.011270491803278689 0.02355072463768116
0 0.38883196721311475 0.1956521739130435 0.015368852459016395 0.018115942028985508
0 0.3811475409836066 0.17753623188405798 0.014344262295081968 0.028985507246376812
0 0.5537909836065574 0.13043478260869565 0.009221311475409836 0.021739130434782608
0 0.5609631147540984 0.1983695652173913 0.013319672131147542 0.030797101449275364
0 0.5855532786885246 0.17753623188405798 0.013319672131147542 0.028985507246376812
0 0.6921106557377049 0.12681159420289856 0.011270491803278689 0.03260869565217391
0 0.6075819672131147 0.17300724637681159 0.01639344262295082 0.02717391304347826
0 0.6316598360655739 0.12590579710144928 0.011270491803278689 0.030797101449275364
0 0.9185450819672132 0.34782608695652173 0.017418032786885248 0.04710144927536232
0 0.9293032786885247 0.2898550724637681 0.018442622950819672 0.043478260869565216
0 0.8427254098360656 0.16394927536231885 0.009221311475409836 0.01992753623188406
0 0.8606557377049181 0.20199275362318841 0.022540983606557378 0.02717391304347826
