0 0.42105263157894735 0.28680203045685276 0.017543859649122806 0.032148900169204735
0 0.4571150097465887 0.2233502538071066 0.01949317738791423 0.0338409475465313
0 0.6603313840155945 0.2825719120135364 0.02631578947368421 0.047377326565143825
0 0.6798245614035088 0.22588832487309643 0.024366471734892786 0.038917089678511
0 0.7636452241715399 0.25042301184433163 0.02046783625730994 0.047377326565143825
0 0.8021442495126705 0.2952622673434856 0.023391812865497075 0.04230118443316413
0 0.7938596491228069 0.19458544839255498 0.018518518518518517 0.0338409475465313
0 0.8440545808966862 0.21912013536379019 0.01949317738791423 0.025380710659898477
0 0.861111111111111 0.19204737732656513 0.014619883040935672 0.032148900169204735
0 0.8913255360623781 0.23096446700507614 0.022417153996101363 0.04568527918781726
0 0.9800194931773879 0.1641285956006768 0.016569200779727095 0.047377326565143825
0 0.5901559454191033 0.1641285956006768 0.018518518518518517 0.0338409475465313
0 0.5560428849902533 0.14720812182741116 0.012670565302144249 0.02707275803722504
0 0.5277777777777778 0.14720812182741116 0.018518518518518517 0.02707275803722504
0 0.5355750487329435 0.22165820642978 0.018518518518518517 0.03045685279187817
0 0.489766081871345 0.20981387478849406 0.008771929824561403 0.03045685279187817
0 0.3416179337231969 0.22842639593908629 0.010721247563352826 0.01692047377326565
