0 0.5855421686746989 0.31905781584582443 0.03855421686746988 0.06423982869379015
0 0.741566265060241 0.35760171306209854 0.027710843373493978 0.0556745182012848
0 0.8066265060240965 0.4057815845824411 0.032530120481927716 0.062098501070663815
0 0.9096385542168676 0.41006423982869383 0.02168674698795181 0.05353319057815846
0 0.7493975903614458 0.28586723768736616 0.026506024096385545 0.044967880085653104
0 0.7578313253012049 0.24411134903640258 0.02168674698795181 0.04282655246252677
0 0.6650602409638555 0.2644539614561028 0.026506024096385545 0.05353319057815846
0 0.6753012048192771 0.2119914346895075 0.025301204819277112 0.047109207708779445
0 0.7500000000000001 0.20235546038543897 0.01807228915662651 0.036402569593147756
0 0.5927710843373495 0.16274089935760172 0.012048192771084338 0.029978586723768737
0 0.6228915662650603 0.20449678800856533 0.014457831325301207 0.032119914346895075
0 0.536144578313253 0.19271948608137046 0.02168674698795181 0.03854389721627409
