0 0.6936656282450675 0.3170055452865065 0.024922118380062305 0.04990757855822551
0 0.7627206645898235 0.355822550831793 0.02596053997923157 0.06099815157116451
0 0.7995846313603323 0.2902033271719039 0.024922118380062305 0.05545286506469501
0 0.8302180685358255 0.2513863216266174 0.021806853582554516 0.051756007393715345
0 0.9117341640706127 0.36044362292051757 0.016614745586708203 0.05545286506469501
0 0.930944963655244 0.25508317929759705 0.017653167185877467 0.04805914972273567
0 0.8951194184839044 0.23382624768946395 0.014537902388369679 0.038817005545286505
0 0.7990654205607476 0.20609981515711645 0.01557632398753894 0.031423290203327174
0 0.7741433021806854 0.25231053604436227 0.02388369678089304 0.031423290203327174
0 0.7320872274143302 0.23752310536044363 0.018691588785046728 0.038817005545286505
0 0.7533748701973001 0.19593345656192238 0.01973001038421599 0.029574861367837338
0 0.7435098650051921 0.15711645101663585 0.012461059190031152 0.029574861367837338
0 0.715472481827622 0.17929759704251386 0.016614745586708203 0.04066543438077634
0 0.6874350986500519 0.25693160813308685 0.018691588785046728 0.04066543438077634
0 0.6349948078920041 0.2476894639556377 0.01973001038421599 0.033271719038817
0 0.5877466251298027 0.23197781885397412 0.018691588785046728 0.04621072088724584
0 0.6599169262720664 0.17467652495378927 0.01557632398753894 0.031423290203327174
0 0.6401869158878505 0.15157116451016636 0.013499480789200415 0.025878003696857672
0 0.7336448598130841 0.14048059149722736 0.017653167185877467 0.033271719038817
0 0.7902388369678089 0.16635859519408502 0.008307372793354102 0.025878003696857672
0 0.8328141225337486 0.16820702402957485 0.010384215991692626 0.025878003696857672
0 0.8561786085150571 0.20702402957486138 0.013499480789200415 0.025878003696857672
0 0.8701973001038421 0.18114602587800369 0.012461059190031152 0.03696857670979667
0 0.8966770508826584 0.18207024029574861 0.01142263759086189 0.024029574861367836
0 0.9106957424714434 0.16728280961182995 0.010384215991692626 0.024029574861367836
0 0.9340602284527518 0.2024029574861368 0.01557632398753894 0.027726432532347505
0 0.9091381100726895 0.1423290203327172 0.013499480789200415 0.025878003696857672
0 0.4402907580477674 0.2412199630314233 0.014537902388369679 0.031423290203327174
0 0.38369678089304254 0.25046210720887246 0.01557632398753894 0.027726432532347505
0 0.37019730010384216 0.22828096118299446 0.013499480789200415 0.031423290203327174
0 0.34839044652128764 0.21626617375231053 0.013499480789200415 0.03696857670979667
0 0.32502596053997923 0.21719038817005545 0.012461059190031152 0.027726432532347505
0 0.29595015576323985 0.22828096118299446 0.012461059190031152 0.027726432532347505
0 0.2731048805815161 0.2301293900184843 0.014537902388369679 0.031423290203327174
0 0.3426791277258567 0.17375231053604437 0.016614745586708203 0.025878003696857672
0 0.46313603322949115 0.20147874306839186 0.012461059190031152 0.022181146025878003
0 0.43665628245067495 0.20425138632162662 0.01557632398753894 0.027726432532347505
0 0.40861889927310485 0.1598890942698706 0.01142263759086189 0.03512014787430684
0 0.38369678089304254 0.20425138632162662 0.01557632398753894 0.027726432532347505
0 0.37694704049844235 0.16820702402957485 0.010384215991692626 0.025878003696857672
0 0.4402907580477674 0.15249537892791126 0.014537902388369679 0.027726432532347505
0 0.48442367601246106 0.1423290203327172 0.01142263759086189 0.025878003696857672
0 0.49221183800623053 0.17744916820702403 0.016614745586708203 0.029574861367837338
0 0.5218068535825545 0.1756007393715342 0.01142263759086189 0.029574861367837338
0 0.5529595015576324 0.18114602587800369 0.01142263759086189 0.029574861367837338
0 0.5379023883696781 0.15711645101663585 0.008307372793354102 0.014787430683918669
0 0.5835929387331257 0.16266173752310537 0.016614745586708203 0.029574861367837338
0 0.5970924195223261 0.15804066543438078 0.014537902388369679 0.027726432532347505
0 0.5695742471443406 0.1367837338262477 0.009345794392523364 0.022181146025878003
0 0.5456905503634475 0.12754158964879853 0.013499480789200415 0.022181146025878003
0 0.5119418483904465 0.14695009242144177 0.018691588785046728 0.024029574861367836
0 0.6458982346832814 0.10905730129390018 0.010384215991692626 0.025878003696857672
0 0.6375908618899273 0.1099815157116451 0.014537902388369679 0.02033271719038817
0 0.7087227414330218 0.10720887245841035 0.01142263759086189 0.022181146025878003
0 0.782969885773624 0.12384473197781885 0.008307372793354102 0.025878003696857672
0 0.8229491173416407 0.13401109057301294 0.01142263759086189 0.027726432532347505
