0 0.13469184890656064 0.3732394366197183 0.03280318091451292 0.08098591549295775
0 0.1794234592445328 0.34419014084507044 0.03280318091451292 0.061619718309859156
0 0.5730616302186878 0.29137323943661975 0.024850894632206758 0.04753521126760563
0 0.6093439363817097 0.261443661971831 0.019880715705765405 0.04401408450704226
0 0.6833996023856859 0.25880281690140844 0.014910536779324053 0.045774647887323945
0 0.6500994035785288 0.2227112676056338 0.02385685884691849 0.03697183098591549
0 0.7509940357852882 0.27816901408450706 0.018886679920477135 0.04929577464788733
0 0.8011928429423458 0.2887323943661972 0.017892644135188866 0.0528169014084507
0 0.8499005964214711 0.33274647887323944 0.019880715705765405 0.04929577464788733
0 0.9160039761431411 0.3732394366197183 0.014910536779324053 0.05985915492957747
0 0.8697813121272365 0.3001760563380282 0.02385685884691849 0.04753521126760563
0 0.49850894632206755 0.21390845070422534 0.016898608349900594 0.040492957746478875
0 0.4473161033797216 0.2165492957746479 0.013916500994035784 0.03169014084507042
0 0.422962226640159 0.26760563380281693 0.016898608349900594 0.04929577464788733
0 0.3717693836978131 0.2623239436619718 0.025844930417495027 0.03873239436619719
0 0.7524850894632206 0.20246478873239437 0.021868787276341946 0.035211267605633804
0 0.7007952286282305 0.16285211267605634 0.019880715705765405 0.022887323943661973
0 0.709741550695825 0.19982394366197184 0.013916500994035784 0.029929577464788734
0 0.5790258449304174 0.11971830985915494 0.010934393638170973 0.024647887323943664
0 0.5283300198807157 0.15669014084507044 0.014910536779324053 0.02112676056338028
0 0.5357852882703776 0.19806338028169015 0.015904572564612324 0.03345070422535212
0 0.5114314115308151 0.19454225352112675 0.016898608349900594 0.03697183098591549
0 0.4806163021868787 0.18485915492957747 0.016898608349900594 0.03169014084507042
0 0.4652087475149105 0.13908450704225353 0.017892644135188866 0.03169014084507042
0 0.44035785288270374 0.17517605633802819 0.015904572564612324 0.022887323943661973
0 0.4184890656063618 0.15669014084507044 0.017892644135188866 0.028169014084507043
0 0.3976143141153081 0.19806338028169015 0.02385685884691849 0.029929577464788734
0 0.6163021868787276 0.1681338028169014 0.015904572564612324 0.02640845070422535
0 0.6187872763419483 0.14084507042253522 0.014910536779324053 0.028169014084507043
0 0.6774353876739562 0.11707746478873239 0.010934393638170973 0.019366197183098594
0 0.8503976143141152 0.15669014084507044 0.010934393638170973 0.02112676056338028
0 0.8444333996023856 0.23767605633802819 0.014910536779324053 0.03169014084507042
