0 0.23486238532110093 0.393719806763285 0.05321100917431193 0.09822866344605476
0 0.6724770642201835 0.3244766505636071 0.025688073394495414 0.05636070853462158
0 0.8288990825688074 0.38164251207729466 0.01926605504587156 0.05475040257648953
0 0.894954128440367 0.42592592592592593 0.022935779816513763 0.0499194847020934
0 0.7288990825688074 0.27697262479871176 0.02110091743119266 0.04186795491143317
0 0.7747706422018349 0.2463768115942029 0.01926605504587156 0.05152979066022544
0 0.7472477064220184 0.21900161030595813 0.01743119266055046 0.04508856682769726
0 0.7155963302752294 0.2109500805152979 0.01834862385321101 0.04186795491143317
0 0.6816513761467891 0.21256038647342995 0.02018348623853211 0.03542673107890499
0 0.6738532110091744 0.19887278582930756 0.01743119266055046 0.040257648953301126
0 0.6756880733944954 0.25684380032206117 0.02110091743119266 0.04669887278582931
0 0.6334862385321102 0.20531400966183574 0.01743119266055046 0.040257648953301126
0 0.5472477064220184 0.30998389694041867 0.022935779816513763 0.04669887278582931
0 0.5591743119266055 0.1932367149758454 0.01743119266055046 0.03542673107890499
