0 0.7607484076433121 0.3771067415730337 0.026273885350318472 0.04073033707865169
0 0.777468152866242 0.30617977528089885 0.02786624203821656 0.042134831460674156
0 0.652468152866242 0.3693820224719101 0.03423566878980892 0.03932584269662921
0 0.7121815286624205 0.2794943820224719 0.019904458598726117 0.05337078651685393
0 0.7113853503184714 0.22612359550561797 0.026273885350318472 0.0449438202247191
0 0.7511942675159236 0.22823033707865167 0.023089171974522295 0.0351123595505618
0 0.8073248407643312 0.2345505617977528 0.01592356687898089 0.047752808988764044
0 0.8439490445859873 0.2907303370786517 0.027070063694267517 0.05337078651685393
0 0.7241242038216561 0.18609550561797752 0.018312101910828025 0.03230337078651685
0 0.6831210191082803 0.15800561797752807 0.025477707006369428 0.02949438202247191
0 0.6532643312101911 0.21839887640449437 0.021496815286624206 0.04073033707865169
0 0.6464968152866243 0.2759831460674157 0.025477707006369428 0.043539325842696625
0 0.5991242038216561 0.25351123595505615 0.019904458598726117 0.04073033707865169
0 0.5748407643312102 0.23876404494382023 0.02070063694267516 0.03651685393258427
0 0.49482484076433125 0.29564606741573035 0.018312101910828025 0.03792134831460674
0 0.5573248407643312 0.3202247191011236 0.02388535031847134 0.047752808988764044
0 0.9112261146496816 0.26896067415730335 0.021496815286624206 0.043539325842696625
0 0.8849522292993631 0.199438202247191 0.015127388535031847 0.025280898876404494
0 0.8531050955414013 0.1523876404494382 0.018312101910828025 0.03230337078651685
0 0.8037420382165605 0.13904494382022473 0.013535031847133758 0.025280898876404494
0 0.4072452229299363 0.29424157303370785 0.023089171974522295 0.04073033707865169
0 0.4848726114649682 0.22191011235955055 0.01592356687898089 0.028089887640449437
0 0.3471337579617835 0.22752808988764045 0.01592356687898089 0.03089887640449438
0 0.33598726114649685 0.2226123595505618 0.01592356687898089 0.023876404494382022
0 0.30812101910828027 0.261938202247191 0.01751592356687898 0.03230337078651685
0 0.3479299363057325 0.2794943820224719 0.02070063694267516 0.028089887640449437
0 0.3937101910828026 0.20365168539325842 0.021496815286624206 0.033707865168539325
0 0.419187898089172 0.2345505617977528 0.016719745222929936 0.02247191011235955
0 0.46337579617834396 0.16853932584269662 0.014331210191082803 0.025280898876404494
0 0.5163216560509555 0.19662921348314605 0.015127388535031847 0.042134831460674156
0 0.5378184713375797 0.17275280898876405 0.01194267515923567 0.03089887640449438
0 0.5676751592356688 0.16924157303370785 0.009554140127388536 0.023876404494382022
0 0.6453025477707006 0.18328651685393257 0.013535031847133758 0.02949438202247191
