0 0.21173762945914845 0.36767676767676766 0.03452243958573072 0.08484848484848485
0 0.6754890678941312 0.34545454545454546 0.023014959723820484 0.048484848484848485
0 0.5989643268124281 0.34040404040404043 0.02186421173762946 0.03838383838383838
0 0.5483314154200231 0.3101010101010101 0.024165707710011506 0.046464646464646465
0 0.6657077100115075 0.26565656565656565 0.019562715765247412 0.03838383838383838
0 0.6121979286536249 0.22626262626262628 0.020713463751438434 0.048484848484848485
0 0.5632911392405063 0.2585858585858586 0.024165707710011506 0.03636363636363636
0 0.7721518987341772 0.3 0.02531645569620253 0.03838383838383838
0 0.7071346375143843 0.2404040404040404 0.019562715765247412 0.0404040404040404
0 0.6691599539700805 0.21414141414141413 0.02186421173762946 0.044444444444444446
0 0.6582278481012658 0.1787878787878788 0.018411967779056387 0.03434343434343434
0 0.6990794016110472 0.18686868686868688 0.02186421173762946 0.030303030303030304
0 0.7474108170310702 0.198989898989899 0.014959723820483314 0.030303030303030304
0 0.7353279631760644 0.17373737373737375 0.020713463751438434 0.03232323232323232
0 0.7123130034522439 0.1414141414141414 0.01611047180667434 0.03636363636363636
0 0.7456846950517837 0.1383838383838384 0.01380897583429229 0.026262626262626262
0 0.7307249712313003 0.12828282828282828 0.01611047180667434 0.03838383838383838
0 0.7566168009205984 0.10303030303030303 0.012658227848101266 0.024242424242424242
0 0.766398158803222 0.1303030303030303 0.01380897583429229 0.030303030303030304
0 0.8009205983889528 0.1787878787878788 0.01611047180667434 0.03434343434343434
0 0.8429228998849252 0.1919191919191919 0.014959723820483314 0.03232323232323232
0 0.8682393555811277 0.22626262626262628 0.014959723820483314 0.0404040404040404
0 0.8768699654775605 0.19696969696969696 0.01611047180667434 0.03434343434343434
0 0.9228998849252014 0.19292929292929292 0.01611047180667434 0.04242424242424243
0 0.9252013808975834 0.15555555555555556 0.011507479861910242 0.03232323232323232
0 0.9016110471806674 0.13636363636363635 0.012658227848101266 0.026262626262626262
0 0.8688147295742232 0.1404040404040404 0.01611047180667434 0.030303030303030304
0 0.8544303797468354 0.1606060606060606 0.02186421173762946 0.03434343434343434
0 0.8268124280782508 0.1404040404040404 0.019562715765247412 0.026262626262626262
0 0.4982738780207135 0.20909090909090908 0.01380897583429229 0.026262626262626262
0 0.5218642117376294 0.2111111111111111 0.014959723820483314 0.026262626262626262
0 0.45972382048331417 0.22323232323232323 0.01726121979286536 0.030303030303030304
0 0.42577675489067895 0.22626262626262628 0.01380897583429229 0.024242424242424242
0 0.619102416570771 0.1494949494949495 0.01611047180667434 0.0202020202020202
0 0.5517836593785961 0.1717171717171717 0.01726121979286536 0.01616161616161616
0 0.5753739930955121 0.1797979797979798 0.018411967779056387 0.028282828282828285
0 0.42692750287687 0.18383838383838383 0.018411967779056387 0.028282828282828285
0 0.4298043728423475 0.2898989898989899 0.019562715765247412 0.030303030303030304
1 0.3147295742232451 0.2727272727272727 0.014959723820483314 0.03232323232323232
0 0.334867663981588 0.27575757575757576 0.01611047180667434 0.03434343434343434
0 0.285385500575374 0.25252525252525254 0.01380897583429229 0.024242424242424242
0 0.34637514384349827 0.23333333333333334 0.01380897583429229 0.01818181818181818
0 0.3722669735327963 0.21313131313131314 0.012658227848101266 0.022222222222222223
0 0.9154200230149597 0.29292929292929293 0.01726121979286536 0.048484848484848485
