0 0.20059582919563057 0.35638297872340424 0.027805362462760674 0.07446808510638298
0 0.8887785501489572 0.33599290780141844 0.019860973187686197 0.054964539007092195
0 0.8435948361469712 0.31117021276595747 0.022840119165839126 0.047872340425531915
0 0.7914597815292949 0.299645390070922 0.023833167825223434 0.03900709219858156
0 0.7601787487586892 0.2730496453900709 0.016881827209533268 0.0425531914893617
0 0.7184707050645481 0.29609929078014185 0.020854021847070504 0.0425531914893617
0 0.663356504468719 0.28102836879432624 0.021847070506454815 0.03723404255319149
0 0.6295928500496524 0.2703900709219858 0.021847070506454815 0.047872340425531915
0 0.6241310824230387 0.2225177304964539 0.022840119165839126 0.04078014184397163
0 0.6663356504468719 0.22163120567375885 0.027805362462760674 0.03900709219858156
0 0.7393247269116187 0.18439716312056736 0.008937437934458788 0.035460992907801414
0 0.7472691161866931 0.22872340425531915 0.014895729890764648 0.028368794326241134
0 0.7840119165839126 0.2154255319148936 0.016881827209533268 0.03368794326241135
0 0.85253227408143 0.25975177304964536 0.018867924528301886 0.047872340425531915
0 0.8326713008937437 0.23936170212765956 0.018867924528301886 0.03900709219858156
0 0.8356504468718967 0.19680851063829788 0.016881827209533268 0.031914893617021274
0 0.9091360476663356 0.2916666666666667 0.018867924528301886 0.051418439716312055
0 0.9404170804369414 0.26595744680851063 0.011916583912611717 0.03900709219858156
0 0.8897715988083416 0.21099290780141844 0.007944389275074478 0.024822695035460994
0 0.791956305858987 0.1551418439716312 0.012909632571996028 0.02304964539007092
0 0.8192651439920556 0.17553191489361702 0.009930486593843098 0.024822695035460994
0 0.8530287984111221 0.20124113475177305 0.011916583912611717 0.026595744680851064
0 0.8649453823237339 0.1826241134751773 0.011916583912611717 0.024822695035460994
0 0.6961271102284011 0.20124113475177305 0.015888778550148957 0.04078014184397163
0 0.5714995034756702 0.28900709219858156 0.020854021847070504 0.05319148936170213
0 0.407149950347567 0.2801418439716312 0.015888778550148957 0.035460992907801414
0 0.4374379344587885 0.22695035460992907 0.012909632571996028 0.031914893617021274
0 0.46971201588877853 0.19326241134751773 0.015888778550148957 0.031914893617021274
0 0.4185700099304866 0.225177304964539 0.014895729890764648 0.035460992907801414
0 0.3674280039721946 0.2074468085106383 0.011916583912611717 0.031914893617021274
0 0.3187686196623635 0.25177304964539005 0.015888778550148957 0.028368794326241134
0 0.27209533267130087 0.23315602836879432 0.017874875868917575 0.03368794326241135
0 0.3758689175769613 0.18439716312056736 0.018867924528301886 0.024822695035460994
0 0.3972194637537239 0.1799645390070922 0.011916583912611717 0.026595744680851064
0 0.3535253227408143 0.2047872340425532 0.011916583912611717 0.026595744680851064
0 0.3361469712015889 0.2047872340425532 0.010923535253227408 0.01950354609929078
0 0.47964250248262164 0.15336879432624112 0.009930486593843098 0.01950354609929078
0 0.5079443892750745 0.15336879432624112 0.016881827209533268 0.030141843971631204
0 0.5312810327706058 0.14627659574468085 0.009930486593843098 0.030141843971631204
0 0.42204568023833167 0.1595744680851064 0.009930486593843098 0.024822695035460994
0 0.4612711022840119 0.14450354609929078 0.008937437934458788 0.02304964539007092
0 0.525819265143992 0.21365248226950354 0.008937437934458788 0.030141843971631204
