0 0.028196981731532962 0.4245810055865922 0.019857029388403495 0.0446927374301676
0 0.45274027005559964 0.41061452513966484 0.022239872915011914 0.04189944134078213
0 0.5317712470214455 0.4043296089385475 0.021445591739475772 0.054469273743016765
0 0.5238284352660841 0.35195530726256985 0.019857029388403495 0.04189944134078213
0 0.5480540111199365 0.2807262569832402 0.015885623510722795 0.0335195530726257
0 0.5957108816521048 0.3596368715083799 0.019062748212867353 0.04329608938547486
0 0.6405877680698967 0.36731843575418993 0.023034154090548053 0.04748603351955307
0 0.6719618745035743 0.3547486033519553 0.017474185861795076 0.0446927374301676
0 0.5945194598888006 0.41829608938547486 0.02621127879269261 0.051675977653631286
0 0.6584590945194598 0.4399441340782123 0.022239872915011914 0.05307262569832402
0 0.69340746624305 0.4748603351955307 0.02859412231930103 0.07541899441340782
0 0.710087370929309 0.39385474860335196 0.019062748212867353 0.05027932960893855
0 0.7688641779189833 0.41201117318435754 0.017474185861795076 0.05027932960893855
0 0.8204924543288323 0.43924581005586594 0.022239872915011914 0.05726256983240224
0 0.795869737887212 0.5027932960893855 0.02382843526608419 0.05865921787709497
0 0.7911040508339952 0.36243016759776536 0.020651310563939634 0.04329608938547486
0 0.8403494837172358 0.3777932960893855 0.017474185861795076 0.046089385474860335
0 0.8888006354249404 0.4643854748603352 0.020651310563939634 0.051675977653631286
0 0.8800635424940428 0.39036312849162014 0.022239872915011914 0.048882681564245814
0 0.8570293884034947 0.3498603351955307 0.019062748212867353 0.034916201117318434
0 0.9086576648133439 0.348463687150838 0.015885623510722795 0.034916201117318434
0 0.8943606036536934 0.32053072625698326 0.017474185861795076 0.03770949720670391
0 0.8625893566322478 0.3191340782122905 0.017474185861795076 0.02653631284916201
0 0.8212867355043685 0.3051675977653631 0.012708498808578236 0.029329608938547486
0 0.8030182684670373 0.30027932960893855 0.022239872915011914 0.0335195530726257
0 0.8292295472597299 0.27863128491620115 0.014297061159650515 0.02653631284916201
0 0.8204924543288323 0.2527932960893855 0.012708498808578236 0.025139664804469275
0 0.8375694996028593 0.26187150837988826 0.011914217633042096 0.029329608938547486
0 0.8741064336775218 0.2814245810055866 0.015091342335186655 0.029329608938547486
0 0.8510722795869737 0.2479050279329609 0.011914217633042096 0.029329608938547486
0 0.2291501191421763 0.3393854748603352 0.008737092930897538 0.025139664804469275
0 0.2847498014297061 0.3023743016759777 0.013502779984114376 0.018156424581005588
0 0.2565528196981731 0.37011173184357543 0.014297061159650515 0.03910614525139665
0 0.2875297855440826 0.38058659217877094 0.014297061159650515 0.02653631284916201
0 0.33161239078633836 0.3547486033519553 0.023034154090548053 0.04189944134078213
0 0.3510722795869738 0.2912011173184358 0.014297061159650515 0.02653631284916201
0 0.4007148530579825 0.34217877094972066 0.011914217633042096 0.030726256983240226
0 0.3764892772041302 0.3268156424581006 0.012708498808578236 0.030726256983240226
0 0.40548054011119933 0.29608938547486036 0.015091342335186655 0.0223463687150838
0 0.4003177124702144 0.2702513966480447 0.009531374106433677 0.020949720670391064
0 0.4420174741858618 0.26536312849162014 0.015091342335186655 0.030726256983240226
0 0.420571882446386 0.24720670391061453 0.011914217633042096 0.025139664804469275
0 0.38443208895949166 0.25837988826815644 0.014297061159650515 0.02793296089385475
0 0.4459888800635425 0.335195530726257 0.018268467037331215 0.036312849162011177
0 0.4948371723590151 0.3198324022346369 0.015885623510722795 0.030726256983240226
0 0.5027799841143764 0.2674581005586592 0.012708498808578236 0.02653631284916201
0 0.528196981731533 0.26675977653631283 0.014297061159650515 0.02793296089385475
0 0.4682287529785544 0.2674581005586592 0.013502779984114376 0.029329608938547486
0 0.45790309769658455 0.23812849162011174 0.015091342335186655 0.02653631284916201
0 0.5750595710881652 0.2597765363128492 0.015885623510722795 0.030726256983240226
0 0.5849880857823669 0.24371508379888268 0.018268467037331215 0.029329608938547486
0 0.5901509134233518 0.21787709497206706 0.012708498808578236 0.02793296089385475
0 0.5190627482128674 0.23324022346368717 0.019857029388403495 0.0223463687150838
0 0.6147736298649722 0.2988826815642458 0.012708498808578236 0.030726256983240226
0 0.6223193010325655 0.2458100558659218 0.013502779984114376 0.02793296089385475
0 0.6632247815726767 0.26675977653631283 0.014297061159650515 0.025139664804469275
0 0.7092930897537728 0.2835195530726257 0.015885623510722795 0.0223463687150838
0 0.7521842732327243 0.2814245810055866 0.009531374106433677 0.029329608938547486
0 0.7196187450357426 0.2597765363128492 0.009531374106433677 0.030726256983240226
0 0.7279586973788721 0.24022346368715083 0.010325655281969817 0.025139664804469275
0 0.6846703733121524 0.21927374301675978 0.017474185861795076 0.02793296089385475
0 0.6890389197776012 0.2541899441340782 0.015091342335186655 0.0335195530726257
0 0.6628276409849087 0.22835195530726257 0.015091342335186655 0.029329608938547486
0 0.6449563145353455 0.2122905027932961 0.014297061159650515 0.019553072625698324
