0 0.9025641025641026 0.5701923076923078 0.046153846153846156 0.10961538461538461
0 0.7717948717948718 0.6721153846153847 0.05897435897435897 0.10192307692307692
0 0.7423076923076923 0.5951923076923077 0.038461538461538464 0.05961538461538462
0 0.941025641025641 0.4730769230769231 0.020512820512820513 0.038461538461538464
0 0.8634615384615385 0.5230769230769231 0.04487179487179487 0.08846153846153847
0 0.7993589743589744 0.5048076923076923 0.026923076923076925 0.04423076923076923
0 0.6576923076923077 0.5701923076923078 0.038461538461538464 0.07115384615384615
0 0.5865384615384616 0.6615384615384616 0.057692307692307696 0.08846153846153847
0 0.575 0.5153846153846154 0.03717948717948718 0.06923076923076923
0 0.6230769230769231 0.48557692307692313 0.03076923076923077 0.051923076923076926
0 0.6705128205128205 0.46923076923076923 0.028205128205128206 0.05
0 0.491025641025641 0.5711538461538462 0.046153846153846156 0.07692307692307693
0 0.3557692307692308 0.55 0.04487179487179487 0.09615384615384616
0 0.22371794871794873 0.5298076923076923 0.029487179487179487 0.04038461538461539
0 0.30705128205128207 0.5096153846153847 0.029487179487179487 0.057692307692307696
0 0.35705128205128206 0.48365384615384616 0.021794871794871794 0.03653846153846154
0 0.32243589743589746 0.46442307692307694 0.021794871794871794 0.03653846153846154
0 0.367948717948718 0.4528846153846154 0.020512820512820513 0.04038461538461539
0 0.40897435897435896 0.4605769230769231 0.020512820512820513 0.03653846153846154
0 0.03461538461538462 0.5096153846153847 0.023076923076923078 0.06923076923076923
0 0.7410256410256411 0.5009615384615385 0.02564102564102564 0.04423076923076923
0 0.5897435897435898 0.4634615384615385 0.020512820512820513 0.03461538461538462
0 0.5391025641025641 0.4865384615384616 0.029487179487179487 0.05384615384615385
0 0.46923076923076923 0.5067307692307692 0.03333333333333333 0.051923076923076926
0 0.41474358974358977 0.5490384615384616 0.03461538461538462 0.05576923076923077
0 0.2717948717948718 0.5865384615384616 0.046153846153846156 0.07692307692307693
