0 0.23932613168724282 0.8535879629629629 0.1242283950617284 0.24344135802469136
0 0.402391975308642 0.7243441358024691 0.10108024691358025 0.1871141975308642
0 0.4925411522633745 0.6903935185185185 0.07767489711934157 0.13464506172839505
0 0.13297325102880658 0.6610725308641975 0.0771604938271605 0.12307098765432098
0 0.18197016460905352 0.5835262345679012 0.041923868312757205 0.10300925925925926
0 0.268261316872428 0.597608024691358 0.04938271604938272 0.09259259259259259
0 0.37178497942386834 0.5597993827160493 0.049125514403292186 0.07175925925925926
0 0.4458590534979424 0.5443672839506173 0.04140946502057614 0.08179012345679013
0 0.5667438271604939 0.6496913580246914 0.05787037037037038 0.10802469135802469
0 0.628343621399177 0.5497685185185185 0.04218106995884774 0.07716049382716049
0 0.5136316872427984 0.566358024691358 0.04835390946502058 0.08410493827160494
0 0.5622427983539096 0.5198688271604938 0.02777777777777778 0.04976851851851852
0 0.5882201646090536 0.49710648148148145 0.02674897119341564 0.05054012345679012
0 0.021476337448559674 0.5623070987654321 0.04243827160493827 0.08217592592592592
0 0.058513374485596716 0.4845679012345679 0.040380658436213995 0.07021604938271604
0 0.14621913580246915 0.47897376543209874 0.03832304526748972 0.04899691358024691
0 0.21875000000000003 0.5154320987654321 0.04603909465020577 0.0625
0 0.8473508230452675 0.39737654320987653 0.05787037037037038 0.10570987654320987
0 0.6493055555555556 0.4820601851851852 0.015174897119341566 0.04050925925925926
0 0.3792438271604939 0.46238425925925924 0.024434156378600826 0.05054012345679012
0 0.411522633744856 0.46257716049382713 0.02109053497942387 0.03780864197530864
0 0.43659979423868317 0.4332561728395061 0.018775720164609055 0.037037037037037035
0 0.33449074074074076 0.4629629629629629 0.023919753086419755 0.042438271604938266
0 0.2955246913580247 0.4533179012345679 0.02211934156378601 0.037037037037037035
0 0.5883487654320988 0.44965277777777773 0.018775720164609055 0.03279320987654321
0 0.5615997942386832 0.46604938271604934 0.017746913580246916 0.029320987654320986
0 0.5363940329218108 0.4731867283950617 0.017746913580246916 0.0320216049382716
0 0.5180041152263375 0.4888117283950617 0.02263374485596708 0.03780864197530864
0 0.4825102880658437 0.48032407407407407 0.02211934156378601 0.040123456790123455
0 0.5051440329218108 0.45196759259259256 0.0154320987654321 0.03433641975308642
0 0.10956790123456792 0.4039351851851852 0.01903292181069959 0.03626543209876543
0 0.07021604938271606 0.410108024691358 0.01800411522633745 0.03780864197530864
0 0.0874485596707819 0.3863811728395061 0.01748971193415638 0.03510802469135802
0 0.15342078189300412 0.38252314814814814 0.017746913580246916 0.0320216049382716
0 0.2310956790123457 0.4047067901234568 0.018775720164609055 0.030864197530864196
0 0.13040123456790126 0.3900462962962963 0.01748971193415638 0.031635802469135804
0 0.459104938271605 0.48398919753086417 0.02211934156378601 0.03510802469135802
0 0.27726337448559674 0.5169753086419753 0.0360082304526749 0.046296296296296294
