0 0.9476923076923077 0.49417249417249415 0.03076923076923077 0.055944055944055944
0 0.8692307692307693 0.5186480186480187 0.027692307692307693 0.053613053613053616
0 0.7946153846153846 0.49184149184149184 0.026153846153846153 0.05128205128205128
0 0.7315384615384616 0.49533799533799533 0.023076923076923078 0.053613053613053616
0 0.6653846153846154 0.5104895104895105 0.023076923076923078 0.037296037296037296
0 0.6023076923076923 0.5093240093240093 0.026153846153846153 0.039627039627039624
0 0.5515384615384615 0.49067599067599066 0.026153846153846153 0.053613053613053616
0 0.49615384615384617 0.5209790209790209 0.023076923076923078 0.04895104895104895
0 0.4376923076923077 0.5314685314685315 0.023076923076923078 0.05128205128205128
0 0.3853846153846154 0.4988344988344988 0.023076923076923078 0.05128205128205128
0 0.3330769230769231 0.5337995337995338 0.023076923076923078 0.05128205128205128
0 0.26692307692307693 0.5093240093240093 0.02 0.053613053613053616
0 0.20153846153846153 0.5256410256410257 0.021538461538461538 0.04895104895104895
0 0.12538461538461537 0.5081585081585082 0.026153846153846153 0.06060606060606061
0 0.04461538461538461 0.5011655011655012 0.033846153846153845 0.06526806526806526
