0 0.6437265917602997 0.565625 0.0945692883895131 0.13625
0 0.34691011235955055 0.5700000000000001 0.08707865168539326 0.1125
0 0.18820224719101125 0.5 0.07677902621722847 0.1125
0 0.05383895131086142 0.48375 0.07584269662921349 0.0925
0 0.8220973782771536 0.504375 0.07116104868913858 0.10125
0 0.7457865168539326 0.426875 0.04400749063670412 0.07875
0 0.897003745318352 0.43125 0.04868913857677903 0.1
0 0.6147003745318352 0.3675 0.03277153558052435 0.055
0 0.6900749063670412 0.323125 0.02247191011235955 0.04125
0 0.3960674157303371 0.443125 0.03932584269662921 0.07125000000000001
0 0.28651685393258425 0.424375 0.04307116104868914 0.07125000000000001
0 0.25140449438202245 0.383125 0.03277153558052435 0.043750000000000004
0 0.1858614232209738 0.37375 0.03651685393258427 0.045
0 0.12406367041198502 0.39125 0.05149812734082397 0.06
0 0.023876404494382022 0.3875 0.040262172284644196 0.05
0 0.5875468164794008 0.4825 0.04588014981273408 0.075
0 0.6629213483146067 0.356875 0.0299625468164794 0.04875
0 0.5084269662921348 0.42375 0.04681647940074907 0.035
