0 0.26925 0.9338645418326693 0.1795 0.13227091633466137
0 0.269 0.6278884462151395 0.078 0.13705179282868526
0 0.5545 0.49482071713147413 0.039 0.07171314741035857
0 0.6022500000000001 0.46015936254980083 0.035500000000000004 0.06294820717131475
0 0.55075 0.41155378486055777 0.0265 0.04223107569721116
0 0.65175 0.4095617529880478 0.0335 0.06374501992031872
0 0.15625 0.4625498007968128 0.043500000000000004 0.08366533864541834
0 0.0835 0.44382470119521916 0.031 0.06215139442231076
0 0.39775 0.44262948207171315 0.0305 0.06294820717131475
0 0.44225000000000003 0.39003984063745023 0.0225 0.04860557768924303
0 0.2955 0.39362549800796814 0.027 0.04780876494023904
0 0.94925 0.19641434262948207 0.0625 0.11713147410358567
0 0.7335 0.503585657370518 0.033 0.0796812749003984
0 0.76525 0.4932270916334662 0.0285 0.06055776892430279
0 0.41425 0.39442231075697215 0.0225 0.03665338645418327
0 0.358 0.3924302788844622 0.032 0.03904382470119522
0 0.25425000000000003 0.4127490039840638 0.0145 0.0350597609561753
0 0.062 0.47729083665338645 0.031 0.05896414342629482
0 0.11125 0.701593625498008 0.0305 0.10756972111553785
