0 0.630859375 0.9332844574780058 0.111328125 0.13343108504398826
0 0.517578125 0.8020527859237536 0.09375 0.13196480938416422
0 0.4296875 0.6656891495601173 0.072265625 0.12023460410557185
0 0.5703125 0.6429618768328446 0.056640625 0.09824046920821114
0 0.365234375 0.5659824046920822 0.0625 0.08797653958944282
0 0.4775390625 0.5285923753665689 0.05078125 0.09237536656891496
0 0.6220703125 0.4846041055718475 0.044921875 0.07771260997067449
0 0.888671875 0.8665689149560117 0.119140625 0.23460410557184752
0 0.806640625 0.7228739002932552 0.06640625 0.15249266862170088
0 0.83837890625 0.6165689149560117 0.0439453125 0.08357771260997067
0 0.8330078125 0.5234604105571847 0.037109375 0.06744868035190615
