0 0.4043333333333333 0.64075 0.049999999999999996 0.0755
0 0.285 0.6295000000000001 0.03866666666666667 0.056
0 0.07316666666666666 0.70325 0.07966666666666666 0.1325
0 0.06283333333333332 0.56 0.028333333333333332 0.039
0 0.13883333333333334 0.656 0.033666666666666664 0.036000000000000004
0 0.10816666666666666 0.54025 0.022333333333333334 0.0415
0 0.31066666666666665 0.52525 0.018 0.029500000000000002
0 0.2806666666666667 0.51125 0.016 0.0245
0 0.22133333333333333 0.517 0.018 0.03
0 0.19416666666666665 0.5325 0.023666666666666666 0.036000000000000004
0 0.16033333333333333 0.5377500000000001 0.019333333333333334 0.0285
0 0.3743333333333333 0.5055000000000001 0.018 0.031
0 0.4215 0.515 0.015666666666666666 0.028
0 0.4713333333333333 0.52 0.017333333333333333 0.027
0 0.504 0.52125 0.014666666666666666 0.0275
0 0.5425 0.525 0.017666666666666667 0.028
0 0.5588333333333333 0.49825 0.014333333333333333 0.029500000000000002
0 0.5798333333333333 0.51275 0.015 0.025500000000000002
0 0.6033333333333333 0.5385 0.017333333333333333 0.032
0 0.6104999999999999 0.5115000000000001 0.011 0.024
0 0.6421666666666667 0.53425 0.015 0.0305
0 0.6885 0.538 0.017666666666666667 0.031
0 0.7545 0.53125 0.019666666666666666 0.0335
0 0.7878333333333333 0.536 0.018333333333333333 0.03
0 0.9098333333333333 0.55125 0.02033333333333333 0.0465
