0 0.48925233644859817 0.7412935323383084 0.21401869158878506 0.31094527363184077
0 0.0588785046728972 0.6013681592039801 0.11588785046728972 0.277363184079602
0 0.30700934579439254 0.4595771144278607 0.09252336448598131 0.17039800995024876
0 0.0514018691588785 0.2269900497512438 0.05420560747663552 0.09079601990049752
0 0.24485981308411217 0.31467661691542287 0.06542056074766356 0.12189054726368159
0 0.5462616822429907 0.34888059701492535 0.07570093457943926 0.10323383084577115
0 0.7906542056074767 0.31218905472636815 0.08785046728971962 0.15671641791044777
0 0.8892523364485981 0.26554726368159204 0.06261682242990654 0.1181592039800995
0 0.647196261682243 0.27176616915422885 0.06635514018691589 0.11318407960199005
0 0.3598130841121496 0.26243781094527363 0.059813084112149535 0.09701492537313433
0 0.48925233644859817 0.2332089552238806 0.05700934579439253 0.09825870646766169
0 0.6046728971962617 0.17972636815920398 0.04485981308411215 0.07338308457711443
0 0.6785046728971963 0.4390547263681592 0.10841121495327104 0.17164179104477612
