0 0.06924019607843138 0.5720108695652174 0.052083333333333336 0.11576086956521739
0 0.15808823529411764 0.5774456521739131 0.04044117647058824 0.07336956521739131
0 0.1090686274509804 0.5135869565217391 0.03370098039215686 0.07717391304347826
0 0.01838235294117647 0.4989130434782609 0.03431372549019608 0.08152173913043478
0 0.06694240196078431 0.46494565217391304 0.03400735294117647 0.06467391304347826
0 0.375765931372549 0.47907608695652176 0.02849264705882353 0.05923913043478261
0 0.40839460784313725 0.48206521739130437 0.02022058823529412 0.05652173913043478
0 0.49080882352941174 0.5176630434782609 0.022058823529411763 0.05380434782608696
0 0.5215992647058824 0.5114130434782609 0.019301470588235295 0.05326086956521739
0 0.5667892156862745 0.5211956521739131 0.02267156862745098 0.04891304347826087
0 0.6694240196078431 0.54375 0.03125 0.06684782608695652
0 0.7239583333333334 0.5173913043478261 0.024509803921568627 0.051086956521739134
0 0.6118259803921569 0.5211956521739131 0.020833333333333332 0.04891304347826087
0 0.6115196078431372 0.47744565217391305 0.017769607843137254 0.03641304347826087
0 0.6449142156862745 0.4826086956521739 0.01838235294117647 0.034782608695652174
0 0.6924019607843137 0.4826086956521739 0.01838235294117647 0.035869565217391305
0 0.49494485294117646 0.43125 0.015012254901960785 0.03097826086956522
0 0.500765931372549 0.46875 0.015625 0.035326086956521736
0 0.3998161764705882 0.43043478260869567 0.020833333333333332 0.04021739130434783
0 0.34543504901960786 0.44972826086956524 0.018688725490196078 0.03641304347826087
0 0.3304227941176471 0.4915760869565217 0.02665441176470588 0.045108695652173916
0 0.26026348039215685 0.4342391304347826 0.023590686274509803 0.05326086956521739
0 0.22824754901960784 0.4279891304347826 0.02267156862745098 0.04076086956521739
0 0.5309436274509803 0.4807065217391304 0.014705882352941176 0.03206521739130435
