0 0.11299999999999999 0.40386740331491716 0.056666666666666664 0.11823204419889503
0 0.173 0.4104972375690608 0.043333333333333335 0.08950276243093923
0 0.2703333333333333 0.40110497237569065 0.038 0.08176795580110498
0 0.35366666666666663 0.42154696132596686 0.035333333333333335 0.07182320441988951
0 0.41333333333333333 0.40276243093922653 0.029333333333333333 0.06298342541436465
1 0.8753333333333333 0.3790055248618785 0.025333333333333333 0.03977900552486188
0 0.6976666666666667 0.430939226519337 0.02333333333333333 0.041988950276243095
0 0.6183333333333333 0.37237569060773484 0.020666666666666667 0.03977900552486188
0 0.5936666666666667 0.37458563535911604 0.019333333333333334 0.03977900552486188
0 0.57 0.39060773480662986 0.018666666666666665 0.04530386740331492
0 0.542 0.39060773480662986 0.02 0.04530386740331492
0 0.5523333333333333 0.32099447513812157 0.019333333333333334 0.034254143646408844
0 0.5316666666666666 0.31823204419889506 0.016666666666666666 0.03756906077348066
0 0.5126666666666666 0.3292817679558011 0.018666666666666665 0.03977900552486188
0 0.515 0.38784530386740335 0.026 0.057458563535911604
0 0.46066666666666667 0.31767955801104975 0.024 0.051933701657458566
0 0.48833333333333334 0.3132596685082873 0.022 0.04530386740331492
0 0.422 0.2988950276243094 0.025333333333333333 0.06077348066298343
0 0.3853333333333333 0.2795580110497238 0.025333333333333333 0.04640883977900553
0 0.40099999999999997 0.2408839779005525 0.015333333333333332 0.03535911602209945
0 0.38066666666666665 0.23259668508287296 0.017333333333333333 0.034254143646408844
0 0.36 0.2679558011049724 0.021333333333333333 0.04088397790055249
0 0.315 0.2552486187845304 0.024666666666666667 0.05303867403314917
0 0.27599999999999997 0.22209944751381216 0.022666666666666665 0.04861878453038675
0 0.28633333333333333 0.30165745856353593 0.03266666666666666 0.06408839779005525
0 0.245 0.2988950276243094 0.033999999999999996 0.07403314917127073
0 0.188 0.23922651933701658 0.03333333333333333 0.07403314917127073
0 0.15366666666666667 0.2878453038674033 0.04466666666666667 0.09392265193370167
0 0.14233333333333334 0.19281767955801107 0.02733333333333333 0.051933701657458566
0 0.08633333333333333 0.17182320441988952 0.033999999999999996 0.06077348066298343
0 0.051333333333333335 0.27900552486187846 0.04933333333333333 0.09392265193370167
