0 0.19561815336463223 0.6683569979716024 0.08450704225352113 0.13995943204868155
0 0.5179968701095462 0.6460446247464503 0.09389671361502347 0.14807302231237324
0 0.06729264475743349 0.5233265720081136 0.06572769953051644 0.10547667342799188
0 0.19953051643192488 0.48884381338742394 0.04225352112676056 0.07302231237322515
0 0.27856025039123633 0.5578093306288032 0.0594679186228482 0.09330628803245436
0 0.07746478873239437 0.3793103448275862 0.03912363067292645 0.060851926977687626
0 0.12128325508607199 0.3894523326572008 0.03286384976525822 0.056795131845841784
0 0.1643192488262911 0.39858012170385393 0.03129890453834116 0.05476673427991886
0 0.2237871674491393 0.42190669371196754 0.03442879499217527 0.060851926977687626
0 0.44209702660406885 0.5598377281947262 0.06416275430359937 0.12170385395537525
0 0.37871674491392804 0.5091277890466531 0.046948356807511735 0.06490872210953347
0 0.892018779342723 0.5933062880324543 0.06885758998435054 0.10344827586206896
0 0.9530516431924883 0.5162271805273834 0.05320813771517997 0.0872210953346856
0 0.8317683881064163 0.5233265720081136 0.051643192488262914 0.08113590263691683
0 0.7793427230046949 0.5172413793103449 0.046948356807511735 0.07707910750507099
0 0.7237871674491393 0.4989858012170385 0.0297339593114241 0.056795131845841784
0 0.48982785602503914 0.5141987829614605 0.03755868544600939 0.07505070993914807
0 0.33255086071987483 0.5091277890466531 0.03286384976525822 0.08113590263691683
0 0.5242566510172144 0.5030425963488844 0.03442879499217527 0.06896551724137931
