1 0.7207264957264957 0.25416666666666665 0.016666666666666666 0.049074074074074076
1 0.6805555555555556 0.2916666666666667 0.04145299145299145 0.09074074074074075
1 0.6055555555555555 0.24722222222222223 0.022222222222222223 0.05740740740740741
1 0.5467948717948717 0.27685185185185185 0.04230769230769231 0.09814814814814815
1 0.49145299145299143 0.2476851851851852 0.023076923076923078 0.05648148148148149
1 0.460042735042735 0.2652777777777778 0.014957264957264958 0.032407407407407406
1 0.4371794871794872 0.26203703703703707 0.015384615384615385 0.03518518518518519
1 0.3942307692307692 0.23796296296296296 0.03888888888888889 0.11481481481481481
1 0.21303418803418803 0.32222222222222224 0.03632478632478633 0.0925925925925926
1 0.32564102564102565 0.27870370370370373 0.015384615384615385 0.03333333333333333
