1 0.13418803418803418 0.4652777777777778 0.02393162393162393 0.049074074074074076
1 0.19807692307692307 0.45 0.02094017094017094 0.04259259259259259
1 0.23034188034188033 0.4291666666666667 0.01452991452991453 0.032407407407407406
1 0.3006410256410256 0.41944444444444445 0.013247863247863248 0.02777777777777778
1 0.31495726495726495 0.41250000000000003 0.011111111111111112 0.021296296296296296
1 0.2173076923076923 0.5375 0.05 0.11018518518518519
1 0.27692307692307694 0.5 0.03247863247863248 0.07222222222222223
1 0.3247863247863248 0.4703703703703704 0.02735042735042735 0.06851851851851852
1 0.35341880341880344 0.47314814814814815 0.021367521367521368 0.0462962962962963
1 0.37072649572649574 0.45092592592592595 0.013247863247863248 0.040740740740740744
1 0.4952991452991453 0.41481481481481486 0.008547008547008548 0.020370370370370372
1 0.7514957264957265 0.49722222222222223 0.03290598290598291 0.07222222222222223
1 0.7967948717948717 0.4342592592592593 0.01752136752136752 0.03888888888888889
1 0.8487179487179487 0.4444444444444445 0.021367521367521368 0.044444444444444446
1 0.9017094017094017 0.45416666666666666 0.021367521367521368 0.05092592592592593
1 0.8363247863247864 0.5527777777777778 0.04188034188034188 0.11666666666666667
1 0.5957264957264957 0.4287037037037037 0.011965811965811965 0.03888888888888889
1 0.6066239316239316 0.4305555555555556 0.014102564102564103 0.04259259259259259
1 0.6224358974358974 0.4324074074074074 0.01581196581196581 0.0462962962962963
1 0.6410256410256411 0.43842592592592594 0.01623931623931624 0.04166666666666667
1 0.6623931623931624 0.4518518518518519 0.02393162393162393 0.053703703703703705
1 0.6931623931623931 0.46851851851851856 0.02905982905982906 0.06666666666666667
1 0.7145299145299145 0.41481481481481486 0.011965811965811965 0.02592592592592593
1 0.6989316239316239 0.40972222222222227 0.009829059829059829 0.026851851851851852
1 0.6792735042735043 0.40694444444444444 0.010683760683760684 0.025
1 0.3876068376068376 0.4351851851851852 0.020512820512820513 0.0462962962962963
1 0.33034188034188033 0.41435185185185186 0.01282051282051282 0.028703703703703703
