1 0.2692307692307692 0.3675925925925926 0.017094017094017096 0.03333333333333333
1 0.3087606837606838 0.45 0.03803418803418803 0.09444444444444444
1 0.37435897435897436 0.49768518518518523 0.05555555555555555 0.12314814814814816
1 0.782051282051282 0.46574074074074073 0.035897435897435895 0.0925925925925926
1 0.7611111111111111 0.4356481481481482 0.03076923076923077 0.0712962962962963
1 0.8450854700854701 0.3888888888888889 0.021794871794871794 0.05185185185185186
1 0.6873931623931624 0.40694444444444444 0.02606837606837607 0.05648148148148149
1 0.6164529914529915 0.3944444444444445 0.03205128205128205 0.05740740740740741
1 0.5608974358974359 0.38101851851851853 0.02264957264957265 0.05092592592592593
1 0.5324786324786325 0.3773148148148148 0.017948717948717947 0.04351851851851852
1 0.477991452991453 0.36944444444444446 0.02606837606837607 0.0462962962962963
1 0.4408119658119658 0.3680555555555556 0.01581196581196581 0.036111111111111115
1 0.4153846153846154 0.36712962962962964 0.01452991452991453 0.03796296296296296
1 0.6623931623931624 0.3680555555555556 0.017094017094017096 0.036111111111111115
1 0.7094017094017094 0.3814814814814815 0.017948717948717947 0.040740740740740744
1 0.5786324786324787 0.36342592592592593 0.013675213675213675 0.036111111111111115
