1 0.5886752136752137 0.3601851851851852 0.045726495726495724 0.12592592592592594
1 0.777991452991453 0.3699074074074074 0.06111111111111111 0.16203703703703703
1 0.4724358974358974 0.3703703703703704 0.0405982905982906 0.11481481481481481
1 0.366025641025641 0.36574074074074076 0.04145299145299145 0.11851851851851852
1 0.2985042735042735 0.33055555555555555 0.03888888888888889 0.11296296296296297
1 0.2376068376068376 0.3231481481481482 0.039316239316239315 0.1
1 0.17094017094017094 0.31666666666666665 0.03333333333333333 0.0925925925925926
1 0.44551282051282054 0.31342592592592594 0.020085470085470087 0.06018518518518519
1 0.49252136752136755 0.3027777777777778 0.02606837606837607 0.07962962962962963
1 0.6632478632478632 0.33055555555555555 0.03247863247863248 0.07962962962962963
