1 0.13076923076923078 0.4615740740740741 0.03076923076923077 0.07685185185185185
1 0.19807692307692307 0.4537037037037037 0.023504273504273504 0.05740740740740741
1 0.2311965811965812 0.42962962962962964 0.01623931623931624 0.03888888888888889
1 0.2997863247863248 0.4175925925925926 0.013247863247863248 0.03518518518518519
1 0.3155982905982906 0.41111111111111115 0.011538461538461539 0.02962962962962963
1 0.21837606837606838 0.5361111111111111 0.04700854700854701 0.12222222222222223
1 0.2775641025641026 0.5 0.03376068376068376 0.07592592592592592
1 0.3252136752136752 0.4671296296296297 0.02735042735042735 0.06759259259259259
1 0.35363247863247865 0.47222222222222227 0.021794871794871794 0.05185185185185186
1 0.3713675213675214 0.4481481481481482 0.01452991452991453 0.0462962962962963
1 0.49594017094017095 0.41481481481481486 0.011538461538461539 0.02592592592592593
1 0.8485042735042735 0.4439814814814815 0.02094017094017094 0.05648148148148149
1 0.9025641025641026 0.45601851851851855 0.022222222222222223 0.06574074074074074
1 0.7967948717948717 0.4305555555555556 0.020085470085470087 0.04259259259259259
1 0.7136752136752137 0.41435185185185186 0.01282051282051282 0.028703703703703703
1 0.6993589743589743 0.40972222222222227 0.014102564102564103 0.030555555555555558
1 0.6807692307692308 0.40601851851851856 0.015384615384615385 0.028703703703703703
1 0.7519230769230769 0.4935185185185185 0.03632478632478633 0.07962962962962963
1 0.6944444444444444 0.46574074074074073 0.029914529914529916 0.07592592592592592
1 0.6634615384615384 0.4476851851851852 0.02606837606837607 0.049074074074074076
1 0.6431623931623932 0.4361111111111111 0.018803418803418803 0.05185185185185186
1 0.6239316239316239 0.4310185185185185 0.019658119658119658 0.04722222222222222
1 0.6074786324786324 0.4305555555555556 0.014102564102564103 0.03518518518518519
1 0.5963675213675214 0.4273148148148148 0.010683760683760684 0.036111111111111115
1 0.8335470085470086 0.5513888888888889 0.03376068376068376 0.11018518518518519
