1 0.16111111111111112 0.2064814814814815 0.04786324786324786 0.1277777777777778
1 0.36495726495726494 0.29074074074074074 0.04188034188034188 0.1388888888888889
1 0.538034188034188 0.22777777777777777 0.05299145299145299 0.17407407407407408
1 0.6918803418803419 0.19768518518518519 0.05641025641025641 0.13611111111111113
1 0.8367521367521368 0.1564814814814815 0.05042735042735043 0.14074074074074075
1 0.20726495726495728 0.6217592592592592 0.042735042735042736 0.13055555555555556
1 0.35491452991452993 0.6671296296296296 0.053418803418803416 0.13425925925925927
1 0.49743589743589745 0.687962962962963 0.04786324786324786 0.1388888888888889
1 0.5846153846153846 0.6708333333333334 0.03504273504273504 0.13055555555555556
1 0.6346153846153846 0.5685185185185185 0.029914529914529916 0.0925925925925926
1 0.7151709401709402 0.6666666666666667 0.047435897435897434 0.1277777777777778
1 0.7502136752136752 0.5675925925925926 0.027777777777777776 0.0925925925925926
1 0.8741452991452991 0.7143518518518519 0.054273504273504275 0.1638888888888889
