0 0.040769230769230766 0.5058275058275058 0.03230769230769231 0.046620046620046623
0 0.1276923076923077 0.5104895104895105 0.03076923076923077 0.046620046620046623
0 0.2023076923076923 0.5326340326340326 0.023076923076923078 0.03496503496503497
0 0.26692307692307693 0.5209790209790209 0.023076923076923078 0.04895104895104895
0 0.33153846153846156 0.5442890442890443 0.02 0.03496503496503497
0 0.3869230769230769 0.5034965034965035 0.02 0.037296037296037296
0 0.4369230769230769 0.5372960372960373 0.021538461538461538 0.039627039627039624
0 0.49615384615384617 0.5291375291375291 0.023076923076923078 0.046620046620046623
0 0.5515384615384615 0.5011655011655012 0.023076923076923078 0.04195804195804196
0 0.6015384615384616 0.5198135198135199 0.01846153846153846 0.03263403263403263
0 0.6638461538461539 0.5186480186480187 0.026153846153846153 0.039627039627039624
0 0.73 0.5081585081585082 0.02923076923076923 0.04195804195804196
0 0.7961538461538461 0.5081585081585082 0.026153846153846153 0.046620046620046623
0 0.8707692307692307 0.5291375291375291 0.024615384615384615 0.037296037296037296
0 0.9484615384615385 0.5046620046620046 0.026153846153846153 0.04895104895104895
