0 0.2515625 0.33840749414519905 0.03125 0.04918032786885246
0 0.33125000000000004 0.3629976580796253 0.028125 0.05152224824355972
0 0.309375 0.4180327868852459 0.03125 0.053864168618266976
0 0.421875 0.33021077283372363 0.034375 0.05152224824355972
0 0.40937500000000004 0.41920374707259955 0.037500000000000006 0.06557377049180328
0 0.5085937500000001 0.3477751756440281 0.026562500000000003 0.04918032786885246
0 0.509375 0.4519906323185012 0.028125 0.05152224824355972
0 0.60859375 0.45901639344262296 0.0328125 0.05620608899297424
0 0.6000000000000001 0.3629976580796253 0.025 0.05152224824355972
0 0.6820312500000001 0.34894613583138173 0.026562500000000003 0.05152224824355972
0 0.70703125 0.42271662763466045 0.0328125 0.0585480093676815
0 0.7765625 0.35362997658079626 0.03125 0.05620608899297424
