1 0.0890625 0.3741666666666667 0.036875 0.05166666666666667
1 0.1525 0.4025 0.03875 0.05333333333333334
1 0.230625 0.37375 0.03375 0.04916666666666667
1 0.32625 0.38083333333333336 0.03625 0.04833333333333334
1 0.39968750000000003 0.4004166666666667 0.028125 0.04583333333333334
1 0.4734375 0.3804166666666667 0.031875 0.04416666666666667
1 0.5546875 0.3929166666666667 0.025625000000000002 0.052500000000000005
1 0.6115625 0.38833333333333336 0.035625000000000004 0.045000000000000005
1 0.71625 0.39583333333333337 0.03 0.03666666666666667
1 0.7971875 0.38375000000000004 0.036875 0.050833333333333335
1 0.8709375 0.37125 0.045625 0.04583333333333334
1 0.099375 0.52125 0.03625 0.06416666666666668
1 0.23750000000000002 0.53625 0.04125 0.035833333333333335
1 0.353125 0.5670833333333334 0.03875 0.04083333333333333
1 0.44375000000000003 0.5358333333333334 0.03375 0.035
1 0.5515625000000001 0.52 0.035625000000000004 0.05666666666666667
1 0.6425 0.5395833333333334 0.03375 0.05916666666666667
1 0.71875 0.5291666666666667 0.0275 0.04833333333333334
