1 0.7888888888888889 0.2847222222222222 0.05384615384615385 0.15833333333333333
1 0.7081196581196582 0.24629629629629632 0.044444444444444446 0.10740740740740741
1 0.6604700854700855 0.21944444444444444 0.01581196581196581 0.04814814814814815
1 0.5944444444444444 0.1962962962962963 0.03247863247863248 0.0962962962962963
1 0.5457264957264957 0.20925925925925926 0.02393162393162393 0.05740740740740741
1 0.4861111111111111 0.19166666666666668 0.012393162393162393 0.03888888888888889
1 0.41965811965811967 0.22962962962962963 0.04786324786324786 0.15185185185185185
1 0.377991452991453 0.22731481481481483 0.03290598290598291 0.09907407407407408
1 0.336965811965812 0.17777777777777778 0.03547008547008547 0.11481481481481481
1 0.22094017094017093 0.2152777777777778 0.023076923076923078 0.058333333333333334
1 0.16965811965811967 0.2050925925925926 0.03247863247863248 0.08796296296296297
