1 0.6645299145299145 0.3597222222222222 0.03247863247863248 0.0638888888888889
1 0.7382478632478633 0.562962962962963 0.049145299145299144 0.10740740740740741
1 0.7202991452991453 0.46990740740740744 0.026923076923076925 0.06574074074074074
1 0.5626068376068376 0.34861111111111115 0.02863247863247863 0.049074074074074076
1 0.4829059829059829 0.34305555555555556 0.024786324786324785 0.04537037037037037
1 0.3611111111111111 0.33842592592592596 0.02393162393162393 0.05092592592592593
1 0.40854700854700854 0.44907407407407407 0.02393162393162393 0.08148148148148149
1 0.2831196581196581 0.3726851851851852 0.016666666666666666 0.04722222222222222
1 0.24871794871794872 0.39583333333333337 0.018803418803418803 0.05648148148148149
1 0.23162393162393163 0.43842592592592594 0.028205128205128206 0.0638888888888889
