1 0.7675213675213676 0.42083333333333334 0.03675213675213675 0.09537037037037037
1 0.698076923076923 0.38287037037037036 0.03376068376068376 0.06759259259259259
1 0.6508547008547009 0.3615740740740741 0.02564102564102564 0.049074074074074076
1 0.532051282051282 0.34351851851851856 0.017948717948717947 0.03518518518518519
1 0.4634615384615385 0.35879629629629634 0.014957264957264958 0.03425925925925926
1 0.3967948717948718 0.3574074074074074 0.02094017094017094 0.0462962962962963
1 0.3418803418803419 0.43703703703703706 0.03504273504273504 0.07962962962962963
1 0.2047008547008547 0.33472222222222225 0.019658119658119658 0.03796296296296296
1 0.16773504273504272 0.34074074074074073 0.023504273504273504 0.044444444444444446
1 0.10448717948717949 0.35185185185185186 0.027777777777777776 0.05555555555555556
