1 0.8899572649572649 0.5074074074074074 0.021794871794871794 0.05555555555555556
1 0.8581196581196581 0.5018518518518519 0.017948717948717947 0.05185185185185186
1 0.8284188034188035 0.49722222222222223 0.02264957264957265 0.0462962962962963
1 0.7965811965811965 0.4902777777777778 0.022222222222222223 0.049074074074074076
1 0.7643162393162393 0.49953703703703706 0.018376068376068377 0.04351851851851852
1 0.739957264957265 0.4935185185185185 0.02094017094017094 0.044444444444444446
1 0.719017094017094 0.49444444444444446 0.018376068376068377 0.044444444444444446
1 0.6891025641025641 0.5050925925925926 0.018376068376068377 0.03796296296296296
1 0.6756410256410257 0.5273148148148148 0.01282051282051282 0.04166666666666667
1 0.648931623931624 0.4962962962962963 0.019230769230769232 0.044444444444444446
1 0.6294871794871795 0.49444444444444446 0.018803418803418803 0.04259259259259259
1 0.6087606837606837 0.5037037037037038 0.018376068376068377 0.03518518518518519
1 0.5908119658119658 0.48333333333333334 0.016666666666666666 0.03888888888888889
1 0.5418803418803418 0.5263888888888889 0.01282051282051282 0.036111111111111115
1 0.4512820512820513 0.5180555555555556 0.011965811965811965 0.03425925925925926
0 0.13504273504273503 0.46620370370370373 0.02735042735042735 0.049074074074074076
1 0.18995726495726495 0.45925925925925926 0.016666666666666666 0.06296296296296297
1 0.5284188034188034 0.5074074074074074 0.012393162393162393 0.03888888888888889
1 0.43995726495726495 0.5157407407407407 0.011538461538461539 0.037037037037037035
1 0.46602564102564104 0.512962962962963 0.009829059829059829 0.040740740740740744
