1 0.8811965811965812 0.27361111111111114 0.03675213675213675 0.08240740740740742
1 0.8121794871794872 0.29814814814814816 0.027777777777777776 0.05185185185185186
1 0.7354700854700855 0.3078703703703704 0.023076923076923078 0.049074074074074076
1 0.6410256410256411 0.28101851851851856 0.022222222222222223 0.049074074074074076
1 0.607051282051282 0.28935185185185186 0.023504273504273504 0.05092592592592593
1 0.569017094017094 0.26435185185185184 0.02264957264957265 0.04537037037037037
1 0.5297008547008547 0.274537037037037 0.018376068376068377 0.04166666666666667
1 0.4651709401709402 0.2662037037037037 0.019230769230769232 0.04537037037037037
1 0.36517094017094015 0.2814814814814815 0.013247863247863248 0.02962962962962963
1 0.2950854700854701 0.28055555555555556 0.012393162393162393 0.031481481481481485
1 0.31495726495726495 0.27546296296296297 0.011965811965811965 0.03981481481481482
