1 0.7841880341880342 0.5990740740740741 0.06324786324786325 0.11481481481481481
1 0.7628205128205128 0.4620370370370371 0.028205128205128206 0.05740740740740741
1 0.6160256410256411 0.5513888888888889 0.04658119658119658 0.07685185185185185
1 0.5816239316239317 0.4430555555555556 0.026495726495726495 0.03981481481481482
1 0.5632478632478632 0.38703703703703707 0.019658119658119658 0.03888888888888889
1 0.5358974358974359 0.41481481481481486 0.02393162393162393 0.0462962962962963
1 0.5136752136752136 0.5310185185185186 0.040170940170940174 0.062037037037037036
1 0.4113247863247863 0.4898148148148148 0.03290598290598291 0.05925925925925926
1 0.3386752136752137 0.48564814814814816 0.03376068376068376 0.0638888888888889
1 0.43333333333333335 0.39675925925925926 0.018803418803418803 0.03796296296296296
1 0.3844017094017094 0.3995370370370371 0.018376068376068377 0.03425925925925926
1 0.28076923076923077 0.4351851851851852 0.028205128205128206 0.05
1 0.2185897435897436 0.42592592592592593 0.02435897435897436 0.037037037037037035
1 0.17606837606837608 0.4199074074074074 0.019658119658119658 0.04166666666666667
1 0.15598290598290598 0.4087962962962963 0.01623931623931624 0.04537037037037037
1 0.32222222222222224 0.3962962962962963 0.013675213675213675 0.02962962962962963
1 0.4621794871794872 0.4236111111111111 0.02094017094017094 0.036111111111111115
