1 0.21367521367521367 0.5939814814814816 0.05384615384615385 0.11203703703703705
1 0.11816239316239316 0.44212962962962965 0.03290598290598291 0.05648148148148149
1 0.34102564102564104 0.44027777777777777 0.02393162393162393 0.04722222222222222
1 0.39807692307692305 0.5731481481481482 0.04401709401709402 0.0925925925925926
1 0.5008547008547009 0.5212962962962964 0.037606837606837605 0.08333333333333334
1 0.5341880341880342 0.46620370370370373 0.029914529914529916 0.08240740740740742
1 0.6467948717948718 0.48842592592592593 0.03290598290598291 0.06944444444444445
1 0.7 0.46990740740740744 0.02564102564102564 0.058333333333333334
1 0.7542735042735043 0.45 0.024786324786324785 0.05
1 0.7803418803418803 0.45462962962962966 0.01452991452991453 0.03518518518518519
1 0.8168803418803419 0.4365740740740741 0.016666666666666666 0.03981481481481482
1 0.8418803418803419 0.437962962962963 0.01452991452991453 0.03518518518518519
