1 0.8557692307692307 0.4416666666666667 0.025213675213675214 0.05
1 0.808974358974359 0.4393518518518519 0.022222222222222223 0.05462962962962963
1 0.7645299145299145 0.4236111111111111 0.023076923076923078 0.05277777777777778
1 0.711965811965812 0.40370370370370373 0.023076923076923078 0.05740740740740741
1 0.6752136752136753 0.41435185185185186 0.019658119658119658 0.04166666666666667
1 0.5638888888888889 0.42685185185185187 0.018376068376068377 0.040740740740740744
1 0.4946581196581197 0.4138888888888889 0.02094017094017094 0.04814814814814815
1 0.4346153846153846 0.4337962962962963 0.019658119658119658 0.04722222222222222
1 0.37884615384615383 0.4277777777777778 0.020085470085470087 0.05185185185185186
1 0.3420940170940171 0.4046296296296297 0.019230769230769232 0.05
1 0.2985042735042735 0.4314814814814815 0.018376068376068377 0.04259259259259259
1 0.2420940170940171 0.3824074074074074 0.021794871794871794 0.0462962962962963
