1 0.8467948717948718 0.5074074074074074 0.013247863247863248 0.02777777777777778
1 0.8288461538461539 0.5078703703703704 0.01581196581196581 0.032407407407407406
1 0.7946581196581196 0.5115740740740741 0.014102564102564103 0.028703703703703703
1 0.7797008547008547 0.5259259259259259 0.013247863247863248 0.031481481481481485
1 0.7431623931623932 0.5351851851851852 0.01452991452991453 0.02777777777777778
1 0.7053418803418804 0.5083333333333333 0.011538461538461539 0.02592592592592593
1 0.6925213675213675 0.5305555555555556 0.012393162393162393 0.02962962962962963
1 0.6745726495726496 0.5273148148148148 0.010683760683760684 0.026851851851851852
1 0.6555555555555556 0.5259259259259259 0.01282051282051282 0.031481481481481485
1 0.6188034188034188 0.5356481481481482 0.013675213675213675 0.030555555555555558
1 0.580982905982906 0.5402777777777777 0.012393162393162393 0.026851851851851852
1 0.5444444444444444 0.5351851851851852 0.009401709401709401 0.02777777777777778
1 0.5196581196581197 0.5481481481481482 0.011965811965811965 0.02592592592592593
1 0.5341880341880342 0.5449074074074074 0.010256410256410256 0.02314814814814815
1 0.4873931623931624 0.5472222222222223 0.010683760683760684 0.02592592592592593
1 0.4205128205128205 0.5699074074074074 0.009401709401709401 0.025
