1 0.8675213675213675 0.4217592592592593 0.0735042735042735 0.15462962962962964
1 0.7452991452991453 0.43333333333333335 0.0811965811965812 0.16111111111111112
1 0.6702991452991452 0.3050925925925926 0.03632478632478633 0.0787037037037037
1 0.5801282051282052 0.3541666666666667 0.0952991452991453 0.19722222222222224
1 0.5284188034188034 0.3944444444444445 0.026923076923076925 0.11111111111111112
1 0.43995726495726495 0.3893518518518519 0.04401709401709402 0.10648148148148148
1 0.2905982905982906 0.5939814814814816 0.1094017094017094 0.2138888888888889
1 0.2123931623931624 0.35370370370370374 0.03076923076923077 0.07777777777777778
1 0.15042735042735042 0.3652777777777778 0.039316239316239315 0.08796296296296297
1 0.1141025641025641 0.4273148148148148 0.04786324786324786 0.11203703703703705
