1 0.3489316239316239 0.5777777777777778 0.08247863247863248 0.16666666666666669
1 0.5876068376068376 0.36435185185185187 0.04957264957264957 0.11203703703703705
1 0.6901709401709402 0.3125 0.02393162393162393 0.07314814814814816
1 0.7241452991452991 0.27314814814814814 0.018376068376068377 0.05
1 0.2497863247863248 0.35185185185185186 0.03461538461538462 0.06666666666666667
1 0.41623931623931626 0.3282407407407408 0.028205128205128206 0.05648148148148149
1 0.3126068376068376 0.2555555555555556 0.013247863247863248 0.031481481481481485
1 0.3252136752136752 0.2555555555555556 0.011111111111111112 0.031481481481481485
1 0.09722222222222222 0.31342592592592594 0.01581196581196581 0.04351851851851852
1 0.21047008547008547 0.2902777777777778 0.020085470085470087 0.05092592592592593
1 0.7903846153846154 0.27222222222222225 0.014957264957264958 0.03888888888888889
1 0.4465811965811966 0.27314814814814814 0.017094017094017096 0.03518518518518519
1 0.513034188034188 0.2601851851851852 0.012393162393162393 0.03333333333333333
1 0.48055555555555557 0.23935185185185187 0.009829059829059829 0.026851851851851852
1 0.5004273504273504 0.2425925925925926 0.008547008547008548 0.024074074074074074
1 0.11538461538461539 0.2555555555555556 0.011111111111111112 0.02592592592592593
1 0.16367521367521368 0.25833333333333336 0.011111111111111112 0.024074074074074074
