1 0.6903846153846154 0.5305555555555556 0.09871794871794871 0.16666666666666669
1 0.8170940170940171 0.3365740740740741 0.04871794871794872 0.09351851851851853
1 0.4621794871794872 0.39212962962962966 0.053418803418803416 0.10833333333333334
1 0.6423076923076924 0.30324074074074076 0.028205128205128206 0.058333333333333334
1 0.3111111111111111 0.3231481481481482 0.037606837606837605 0.07222222222222223
1 0.2284188034188034 0.30694444444444446 0.02435897435897436 0.05092592592592593
1 0.419017094017094 0.29305555555555557 0.019230769230769232 0.04351851851851852
1 0.5685897435897436 0.27592592592592596 0.019230769230769232 0.03888888888888889
1 0.5036324786324786 0.26666666666666666 0.01752136752136752 0.03333333333333333
1 0.7145299145299145 0.25462962962962965 0.013675213675213675 0.031481481481481485
1 0.5391025641025641 0.24444444444444446 0.012393162393162393 0.031481481481481485
1 0.3967948717948718 0.26342592592592595 0.01581196581196581 0.030555555555555558
1 0.823076923076923 0.23425925925925928 0.011111111111111112 0.024074074074074074
1 0.614957264957265 0.24814814814814815 0.01452991452991453 0.02962962962962963
1 0.4683760683760684 0.2300925925925926 0.008547008547008548 0.021296296296296296
1 0.3408119658119658 0.2351851851851852 0.009829059829059829 0.022222222222222223
1 0.34658119658119657 0.4703703703703704 0.0 0.003703703703703704
