1 0.1856837606837607 0.43472222222222223 0.023504273504273504 0.04166666666666667
1 0.29294871794871796 0.4310185185185185 0.014957264957264958 0.036111111111111115
1 0.3594017094017094 0.4152777777777778 0.015384615384615385 0.03425925925925926
1 0.43653846153846154 0.41064814814814815 0.014957264957264958 0.032407407407407406
1 0.4950854700854701 0.42592592592592593 0.011538461538461539 0.02592592592592593
1 0.5579059829059829 0.4152777777777778 0.014102564102564103 0.026851851851851852
1 0.5982905982905983 0.4101851851851852 0.011965811965811965 0.02592592592592593
1 0.6726495726495727 0.412962962962963 0.011965811965811965 0.02962962962962963
1 0.6978632478632478 0.42083333333333334 0.010256410256410256 0.02314814814814815
1 0.7284188034188034 0.41435185185185186 0.009829059829059829 0.02314814814814815
