1 0.7128205128205128 0.5356481481481482 0.02564102564102564 0.05648148148148149
1 0.673931623931624 0.4671296296296297 0.011111111111111112 0.030555555555555558
1 0.5478632478632479 0.5185185185185185 0.021367521367521368 0.03888888888888889
1 0.4408119658119658 0.5069444444444444 0.019230769230769232 0.036111111111111115
1 0.5386752136752136 0.4726851851851852 0.012393162393162393 0.026851851851851852
1 0.6260683760683761 0.47685185185185186 0.01452991452991453 0.024074074074074074
1 0.7822649572649573 0.45416666666666666 0.012393162393162393 0.026851851851851852
1 0.7677350427350428 0.47824074074074074 0.014102564102564103 0.028703703703703703
1 0.7002136752136752 0.4518518518518519 0.009829059829059829 0.02592592592592593
1 0.33974358974358976 0.4675925925925926 0.011965811965811965 0.024074074074074074
