1 0.7416666666666667 0.3337962962962963 0.027777777777777776 0.0712962962962963
1 0.7185897435897436 0.32962962962962966 0.02264957264957265 0.07407407407407407
1 0.6732905982905983 0.32407407407407407 0.03034188034188034 0.06666666666666667
1 0.5891025641025641 0.3087962962962963 0.03290598290598291 0.075
1 0.5707264957264957 0.3439814814814815 0.02264957264957265 0.06574074074074074
1 0.5341880341880342 0.33333333333333337 0.01452991452991453 0.04814814814814815
1 0.4873931623931624 0.33240740740740743 0.027777777777777776 0.06851851851851852
1 0.46944444444444444 0.3282407407407408 0.02094017094017094 0.049074074074074076
1 0.4164529914529915 0.3092592592592593 0.021794871794871794 0.05925925925925926
1 0.37243589743589745 0.32453703703703707 0.02094017094017094 0.03796296296296296
1 0.3544871794871795 0.33611111111111114 0.014957264957264958 0.044444444444444446
1 0.30811965811965814 0.3212962962962963 0.01623931623931624 0.040740740740740744
