1 0.7961538461538461 0.4087962962962963 0.02735042735042735 0.058333333333333334
1 0.7096153846153846 0.4083333333333333 0.02863247863247863 0.053703703703703705
1 0.6532051282051282 0.4166666666666667 0.023504273504273504 0.053703703703703705
1 0.6128205128205129 0.4166666666666667 0.02393162393162393 0.05185185185185186
1 0.5754273504273504 0.41574074074074074 0.02435897435897436 0.05555555555555556
1 0.5474358974358975 0.3740740740740741 0.022222222222222223 0.05185185185185186
1 0.46324786324786327 0.3875 0.024786324786324785 0.049074074074074076
1 0.3891025641025641 0.39212962962962966 0.02863247863247863 0.05277777777777778
1 0.3267094017094017 0.3995370370370371 0.025213675213675214 0.058333333333333334
1 0.27713675213675215 0.38842592592592595 0.027777777777777776 0.05277777777777778
1 0.2155982905982906 0.3888888888888889 0.03205128205128205 0.06666666666666667
