1 0.20405982905982906 0.5712962962962963 0.0594017094017094 0.09074074074074075
1 0.41623931623931626 0.48379629629629634 0.040170940170940174 0.08240740740740742
1 0.24188034188034188 0.44722222222222224 0.023076923076923078 0.05185185185185186
1 0.3311965811965812 0.37824074074074077 0.02905982905982906 0.05648148148148149
1 0.15149572649572648 0.36944444444444446 0.02606837606837607 0.04814814814814815
1 0.10106837606837607 0.36712962962962964 0.02094017094017094 0.04351851851851852
1 0.5245726495726496 0.45601851851851855 0.027777777777777776 0.05092592592592593
1 0.6596153846153846 0.4467592592592593 0.02863247863247863 0.049074074074074076
1 0.4393162393162393 0.3509259259259259 0.024786324786324785 0.05
1 0.7579059829059829 0.37592592592592594 0.02094017094017094 0.03888888888888889
1 0.7978632478632479 0.3805555555555556 0.017948717948717947 0.02962962962962963
1 0.8480769230769231 0.3509259259259259 0.014102564102564103 0.03333333333333333
1 0.8271367521367521 0.2902777777777778 0.011538461538461539 0.03425925925925926
1 0.7974358974358975 0.2986111111111111 0.01282051282051282 0.02314814814814815
1 0.7269230769230769 0.35324074074074074 0.01452991452991453 0.030555555555555558
1 0.70491452991453 0.3509259259259259 0.013247863247863248 0.02777777777777778
1 0.6692307692307692 0.3574074074074074 0.013675213675213675 0.031481481481481485
1 0.5989316239316239 0.3375 0.013247863247863248 0.026851851851851852
1 0.507051282051282 0.3541666666666667 0.013247863247863248 0.028703703703703703
1 0.34764957264957264 0.3226851851851852 0.012393162393162393 0.026851851851851852
1 0.3942307692307692 0.32546296296296295 0.009829059829059829 0.02314814814814815
1 0.4132478632478632 0.26157407407407407 0.009401709401709401 0.019444444444444445
1 0.4658119658119658 0.33472222222222225 0.01282051282051282 0.026851851851851852
1 0.5083333333333333 0.27546296296296297 0.009829059829059829 0.019444444444444445
1 0.3072649572649573 0.31712962962962965 0.010256410256410256 0.02314814814814815
1 0.6435897435897436 0.29953703703703705 0.011965811965811965 0.026851851851851852
