1 0.99 0.45812182741116747 0.02 0.07106598984771573
1 0.9623809523809523 0.3775380710659898 0.021904761904761906 0.04695431472081218
1 0.9842857142857143 0.3705583756345177 0.012380952380952381 0.03045685279187817
1 0.8914285714285715 0.3972081218274111 0.026666666666666665 0.04568527918781726
1 0.8247619047619048 0.4308375634517766 0.0419047619047619 0.10532994923857868
1 0.7771428571428571 0.3959390862944162 0.01904761904761905 0.035532994923857864
1 0.7766666666666666 0.35215736040609136 0.014285714285714285 0.019035532994923856
1 0.7266666666666667 0.35850253807106597 0.01904761904761905 0.026649746192893398
1 0.6980952380952381 0.34073604060913704 0.02095238095238095 0.031725888324873094
1 0.7042857142857143 0.38705583756345174 0.02761904761904762 0.04314720812182741
1 0.7495238095238095 0.4308375634517766 0.024761904761904763 0.05710659898477157
1 0.6628571428571428 0.3629441624365482 0.015238095238095238 0.03045685279187817
1 0.5838095238095238 0.3445431472081218 0.030476190476190476 0.049492385786802026
1 0.5461904761904762 0.43337563451776645 0.06 0.10532994923857868
0 0.5447619047619048 0.34708121827411165 0.017142857142857144 0.024111675126903553
1 0.5090476190476191 0.3965736040609137 0.021904761904761906 0.04441624365482233
1 0.490952380952381 0.3895939086294416 0.014285714285714285 0.032994923857868015
1 0.44571428571428573 0.37880710659898476 0.01904761904761905 0.031725888324873094
1 0.44666666666666666 0.4473350253807106 0.05142857142857143 0.08756345177664974
1 0.4014285714285714 0.38578680203045684 0.025714285714285714 0.04060913705583756
0 0.3842857142857143 0.3432741116751269 0.014285714285714285 0.021573604060913704
1 0.37476190476190474 0.3648477157360406 0.02 0.031725888324873094
1 0.2895238095238095 0.35215736040609136 0.02857142857142857 0.03426395939086294
1 0.23333333333333334 0.3578680203045685 0.030476190476190476 0.048223350253807105
1 0.17095238095238094 0.3413705583756345 0.023809523809523808 0.03807106598984771
2 0.19285714285714287 0.35850253807106597 0.02 0.021573604060913704
1 0.1957142857142857 0.41180203045685276 0.039047619047619046 0.08248730964467005
1 0.2795238095238095 0.49999999999999994 0.11904761904761904 0.21319796954314718
1 0.05047619047619047 0.5653553299492385 0.09333333333333334 0.17893401015228425
1 0.08619047619047619 0.41878172588832485 0.04476190476190476 0.07360406091370558
1 0.12285714285714286 0.3946700507614213 0.026666666666666665 0.04568527918781726
1 0.02238095238095238 0.3559644670050761 0.02 0.03934010152284264
