1 0.9563561166739225 0.5107772697583279 0.056813234653896386 0.15937295885042457
0 0.8366347409664779 0.48807968647942523 0.07074444928167174 0.15120836054866102
1 0.727144101001306 0.34650555192684523 0.04810622551153679 0.08425865447419988
1 0.684915106660862 0.3633246244284781 0.03765781454070526 0.052580013063357287
1 0.6166739225076187 0.38128674069235796 0.030474531998258596 0.0643370346178968
0 0.5576839355681323 0.30845852384062705 0.029603831084022637 0.04343566296538211
0 0.46821941663038746 0.3282168517308949 0.03308663474096648 0.05943827563683867
1 0.37494558119286026 0.3683866753755715 0.04026991728341314 0.07642064010450686
0 0.3052895080539834 0.47632266492488573 0.03286895951240749 0.07413455258001307
1 0.38811493252067913 0.4719137818419334 0.038746190683500215 0.12671456564337036
1 0.5157814540705268 0.4505225342913129 0.056813234653896386 0.1061397779229262
1 0.5669351327818895 0.47273024167210975 0.049412276882890724 0.10483344219464402
1 0.12059207662168045 0.4003919007184847 0.034392686112320416 0.06335728282168518
1 0.0715063125816282 0.4836708033964729 0.06813234653896386 0.11495754408883083
1 0.18524161950370047 0.5984650555192684 0.09098824553765782 0.17994774657086873
0 0.014475402699172834 0.6152841280209014 0.026338702655637786 0.1580666231221424
1 0.26872006965607315 0.5791966035271064 0.03635176316935133 0.12377531025473547
0 0.4491728341314758 0.5262900065316787 0.06464954288202002 0.16231221423905945
1 0.521985198084458 0.6711299804049641 0.10622551153678711 0.17504898758981058
1 0.7901610796691336 0.6998693664271718 0.09229429690901175 0.17504898758981058
