1 0.16623931623931623 0.19305555555555556 0.040170940170940174 0.08981481481481482
1 0.21816239316239316 0.2101851851851852 0.021794871794871794 0.07407407407407407
1 0.33632478632478635 0.16990740740740742 0.04188034188034188 0.1212962962962963
1 0.41773504273504275 0.21805555555555556 0.06452991452991454 0.17685185185185187
1 0.3762820512820513 0.23287037037037037 0.02863247863247863 0.09722222222222222
1 0.48653846153846153 0.19814814814814816 0.016666666666666666 0.04814814814814815
1 0.5497863247863248 0.20972222222222223 0.03205128205128205 0.0712962962962963
1 0.5963675213675214 0.19444444444444445 0.04401709401709402 0.12592592592592594
1 0.7102564102564103 0.23750000000000002 0.05128205128205128 0.13796296296296298
1 0.8042735042735043 0.26666666666666666 0.08632478632478632 0.22777777777777777
1 0.6623931623931624 0.21712962962962964 0.021367521367521368 0.04166666666666667
