1 0.8888888888888888 0.5481481481481482 0.026495726495726495 0.08148148148148149
1 0.8474358974358974 0.5319444444444444 0.040170940170940174 0.11944444444444445
1 0.7094017094017094 0.563425925925926 0.03076923076923077 0.09537037037037037
1 0.677991452991453 0.5657407407407408 0.03461538461538462 0.09814814814814815
1 0.5837606837606838 0.55 0.02564102564102564 0.10555555555555556
1 0.5532051282051282 0.5361111111111111 0.03547008547008547 0.10555555555555556
1 0.47307692307692306 0.563425925925926 0.03675213675213675 0.10092592592592593
1 0.4284188034188034 0.5888888888888889 0.04230769230769231 0.12037037037037038
1 0.27414529914529917 0.5319444444444444 0.04401709401709402 0.13055555555555556
1 0.1405982905982906 0.6865740740740741 0.05213675213675214 0.1287037037037037
