1 0.8903846153846153 0.5856481481481481 0.018376068376068377 0.062037037037037036
1 0.8532051282051282 0.5949074074074074 0.02264957264957265 0.0638888888888889
1 0.8106837606837607 0.6 0.020512820512820513 0.07037037037037037
1 0.7743589743589744 0.5962962962962963 0.020512820512820513 0.061111111111111116
1 0.7538461538461538 0.5962962962962963 0.020512820512820513 0.06666666666666667
1 0.6820512820512821 0.5578703703703703 0.02393162393162393 0.058333333333333334
1 0.6271367521367521 0.6023148148148149 0.020085470085470087 0.06018518518518519
1 0.602991452991453 0.5685185185185185 0.021367521367521368 0.06851851851851852
1 0.5715811965811965 0.6097222222222223 0.014957264957264958 0.04722222222222222
1 0.5425213675213675 0.5925925925925926 0.02264957264957265 0.05925925925925926
1 0.5083333333333333 0.5893518518518519 0.02094017094017094 0.0638888888888889
1 0.477991452991453 0.5555555555555556 0.02606837606837607 0.06851851851851852
1 0.44145299145299144 0.5842592592592593 0.018803418803418803 0.053703703703703705
1 0.40854700854700854 0.5745370370370371 0.017948717948717947 0.058333333333333334
1 0.3735042735042735 0.5675925925925926 0.021367521367521368 0.05555555555555556
1 0.34658119658119657 0.5726851851851852 0.017948717948717947 0.05462962962962963
1 0.3094017094017094 0.5712962962962963 0.018803418803418803 0.05185185185185186
1 0.2722222222222222 0.5944444444444444 0.02393162393162393 0.05925925925925926
1 0.2311965811965812 0.5689814814814815 0.022222222222222223 0.058333333333333334
1 0.21217948717948718 0.5865740740740741 0.020085470085470087 0.06018518518518519
1 0.16794871794871793 0.5787037037037037 0.018803418803418803 0.05925925925925926
1 0.1311965811965812 0.20694444444444446 0.011111111111111112 0.03425925925925926
