1 0.15747863247863247 0.3726851851851852 0.03888888888888889 0.13240740740740742
1 0.2230769230769231 0.3513888888888889 0.03333333333333333 0.1175925925925926
1 0.2775641025641026 0.3078703703703704 0.04487179487179487 0.12685185185185185
1 0.31346153846153846 0.34351851851851856 0.026923076923076925 0.07407407407407407
1 0.3344017094017094 0.36342592592592593 0.012393162393162393 0.08611111111111111
1 0.35085470085470083 0.3578703703703704 0.026495726495726495 0.08240740740740742
1 0.43824786324786325 0.3564814814814815 0.027777777777777776 0.08333333333333334
1 0.48162393162393163 0.36342592592592593 0.037606837606837605 0.09907407407407408
1 0.5322649572649573 0.3851851851851852 0.02094017094017094 0.07037037037037037
1 0.5527777777777778 0.3476851851851852 0.027777777777777776 0.10092592592592593
1 0.7414529914529915 0.36203703703703705 0.022222222222222223 0.07407407407407407
1 0.7583333333333333 0.36944444444444446 0.023504273504273504 0.08148148148148149
1 0.7762820512820513 0.32962962962962966 0.031196581196581197 0.0962962962962963
1 0.7948717948717948 0.3814814814814815 0.028205128205128206 0.09074074074074075
1 0.8192307692307692 0.32962962962962966 0.024786324786324785 0.10555555555555556
1 0.8615384615384616 0.40740740740740744 0.02564102564102564 0.11481481481481481
1 0.838034188034188 0.3907407407407408 0.03247863247863248 0.10370370370370371
1 0.8893162393162393 0.3990740740740741 0.04358974358974359 0.1574074074074074
1 0.619017094017094 0.3726851851851852 0.018376068376068377 0.04537037037037037
