0 0.95947265625 0.2708333333333333 0.0361328125 0.08680555555555555
1 0.89892578125 0.2456597222222222 0.0439453125 0.08159722222222222
0 0.78515625 0.22916666666666666 0.0390625 0.10069444444444443
0 0.71728515625 0.2265625 0.0498046875 0.109375
0 0.64013671875 0.21875 0.0517578125 0.13541666666666666
1 0.51806640625 0.22569444444444442 0.0654296875 0.20138888888888887
1 0.41845703125 0.21180555555555555 0.0380859375 0.09375
1 0.3388671875 0.33246527777777773 0.080078125 0.24826388888888887
0 0.2158203125 0.2421875 0.068359375 0.140625
0 0.1533203125 0.23958333333333331 0.025390625 0.0625
1 0.064453125 0.21354166666666666 0.10546875 0.2743055555555555
