1 0.7175 0.3279857397504456 0.043000000000000003 0.0926916221033868
1 0.638 0.38591800356506234 0.03 0.0837789661319073
1 0.5750000000000001 0.36809269162210334 0.03 0.0873440285204991
0 0.5355 0.3805704099821747 0.035 0.0837789661319073
1 0.47100000000000003 0.3957219251336898 0.038 0.1105169340463458
1 0.419 0.3966131907308378 0.046 0.0873440285204991
0 0.394 0.3582887700534759 0.03 0.0819964349376114
1 0.3575 0.3520499108734403 0.045 0.1051693404634581
0 0.312 0.34135472370766484 0.032 0.0730837789661319
1 0.306 0.4313725490196078 0.046 0.1140819964349376
1 0.2595 0.6007130124777184 0.037 0.08912655971479501
0 0.2215 0.33244206773618534 0.041 0.08021390374331551
1 0.1125 0.2709447415329768 0.051000000000000004 0.1033868092691622
1 0.032 0.2834224598930481 0.038 0.1105169340463458
