0 0.8967948717948718 0.5564814814814815 0.031196581196581197 0.08148148148148149
1 0.8658119658119658 0.4949074074074074 0.023076923076923078 0.0787037037037037
1 0.7856837606837607 0.4087962962962963 0.012393162393162393 0.04166666666666667
1 0.8277777777777777 0.30833333333333335 0.013675213675213675 0.040740740740740744
1 0.7884615384615384 0.5324074074074074 0.038461538461538464 0.10370370370370371
1 0.714957264957265 0.4916666666666667 0.023076923076923078 0.05
1 0.7282051282051282 0.40231481481481485 0.01623931623931624 0.049074074074074076
1 0.6912393162393162 0.425462962962963 0.026923076923076925 0.07685185185185185
1 0.6495726495726496 0.4351851851851852 0.019658119658119658 0.06296296296296297
1 0.6698717948717948 0.3962962962962963 0.014957264957264958 0.044444444444444446
1 0.6467948717948718 0.3074074074074074 0.014102564102564103 0.05185185185185186
1 0.672008547008547 0.5152777777777778 0.031196581196581197 0.09537037037037037
1 0.6271367521367521 0.5305555555555556 0.03717948717948718 0.11111111111111112
1 0.6335470085470085 0.4083333333333333 0.02264957264957265 0.06666666666666667
1 0.5587606837606838 0.3041666666666667 0.014102564102564103 0.032407407407407406
1 0.5886752136752137 0.3148148148148148 0.014102564102564103 0.03333333333333333
1 0.5664529914529914 0.4361111111111111 0.025213675213675214 0.05185185185185186
1 0.5418803418803418 0.4962962962962963 0.02735042735042735 0.08148148148148149
1 0.5416666666666666 0.39722222222222225 0.01581196581196581 0.024074074074074074
1 0.5271367521367522 0.3976851851851852 0.01581196581196581 0.058333333333333334
1 0.49914529914529915 0.3106481481481482 0.015384615384615385 0.05092592592592593
1 0.492948717948718 0.42592592592592593 0.020085470085470087 0.053703703703703705
1 0.44551282051282054 0.46342592592592596 0.02863247863247863 0.08981481481481482
1 0.44294871794871793 0.39212962962962966 0.021794871794871794 0.058333333333333334
1 0.4183760683760684 0.3143518518518519 0.015384615384615385 0.03425925925925926
1 0.35491452991452993 0.3106481481481482 0.01581196581196581 0.05648148148148149
1 0.382051282051282 0.4328703703703704 0.020512820512820513 0.06759259259259259
1 0.3547008547008547 0.44537037037037036 0.01623931623931624 0.04814814814814815
1 0.31517094017094016 0.45462962962962966 0.027777777777777776 0.06296296296296297
1 0.2844017094017094 0.3050925925925926 0.016666666666666666 0.05277777777777778
1 0.1952991452991453 0.3074074074074074 0.01452991452991453 0.0462962962962963
1 0.2344017094017094 0.46574074074074073 0.016666666666666666 0.06296296296296297
1 0.2205128205128205 0.43194444444444446 0.017094017094017096 0.049074074074074076
1 0.1782051282051282 0.46342592592592596 0.022222222222222223 0.07314814814814816
