0 0.994 0.0680835734870317 0.012 0.028097982708933714
0 0.9570000000000001 0.02593659942363112 0.018000000000000002 0.023054755043227664
1 0.92975 0.04646974063400576 0.021500000000000002 0.03386167146974063
1 0.9825 0.09762247838616714 0.016 0.042507204610951005
1 0.89525 0.07132564841498559 0.0235 0.04178674351585014
1 0.869 0.03674351585014409 0.015 0.03602305475504323
0 0.83725 0.08537463976945245 0.0155 0.03674351585014409
1 0.8200000000000001 0.0670028818443804 0.019 0.0446685878962536
1 0.9580000000000001 0.17687319884726224 0.024 0.04394812680115273
1 0.8715 0.16354466858789624 0.022 0.040345821325648415
1 0.82675 0.16678674351585013 0.0175 0.03674351585014409
1 0.72975 0.10446685878962535 0.021500000000000002 0.02881844380403458
1 0.7020000000000001 0.08789625360230546 0.013000000000000001 0.021613832853025934
1 0.6655 0.0670028818443804 0.018000000000000002 0.024495677233429394
1 0.63525 0.08285302593659942 0.0155 0.024495677233429394
0 0.73775 0.1361671469740634 0.0165 0.02593659942363112
1 0.773 0.2355907780979827 0.022 0.04899135446685879
1 0.8542500000000001 0.23306916426512966 0.0145 0.03530259365994236
1 0.906 0.26981268011527376 0.015 0.032420749279538905
1 0.9225 0.3126801152737752 0.022 0.040345821325648415
1 0.852 0.2795389048991354 0.018000000000000002 0.040345821325648415
1 0.8735 0.31231988472622474 0.02 0.04394812680115273
1 0.88425 0.36203170028818443 0.0235 0.042507204610951005
1 0.913 0.4218299711815562 0.032 0.055475504322766565
1 0.99525 0.48306916426512964 0.0095 0.045389048991354465
1 0.94425 0.5255763688760806 0.025500000000000002 0.04106628242074928
1 0.9440000000000001 0.5940201729106628 0.029 0.0670028818443804
1 0.9440000000000001 0.7806195965417867 0.033 0.06556195965417867
1 0.909 0.7903458213256483 0.026000000000000002 0.06628242074927954
1 0.904 0.9592939481268011 0.043000000000000003 0.0814121037463977
1 0.8155 0.2993515850144092 0.025 0.045389048991354465
1 0.70975 0.19812680115273773 0.0225 0.03314121037463977
0 0.67475 0.1307636887608069 0.0185 0.029538904899135444
0 0.64475 0.16174351585014407 0.0155 0.03818443804034582
1 0.57375 0.06195965417867435 0.0235 0.030259365994236308
1 0.54425 0.032780979827089336 0.0175 0.029538904899135444
1 0.5405 0.10482708933717579 0.016 0.030979827089337175
1 0.624 0.18948126801152737 0.017 0.023054755043227664
1 0.6345000000000001 0.2917867435158501 0.019 0.03602305475504323
1 0.6705 0.3796829971181556 0.019 0.0446685878962536
1 0.7325 0.39481268011527376 0.02 0.0446685878962536
1 0.72 0.4513688760806916 0.028 0.05115273775216138
1 0.72475 0.5237752161383284 0.0265 0.047550432276657055
1 0.6980000000000001 0.5432276657060519 0.031 0.07060518731988472
1 0.6950000000000001 0.4164265129682997 0.025 0.06484149855907781
1 0.60375 0.3854466858789625 0.0245 0.05907780979827089
1 0.59775 0.5086455331412103 0.0325 0.05907780979827089
1 0.56 0.29286743515850144 0.02 0.03818443804034582
1 0.557 0.34546109510086453 0.024 0.05403458213256484
1 0.539 0.37139769452449567 0.031 0.05259365994236311
1 0.5055000000000001 0.2334293948126801 0.024 0.0446685878962536
1 0.4985 0.1372478386167147 0.024 0.03530259365994236
1 0.47500000000000003 0.06664265129682996 0.017 0.032420749279538905
1 0.454 0.014048991354466857 0.014 0.01945244956772334
1 0.4195 0.05187319884726224 0.021 0.03602305475504323
1 0.43225 0.10518731988472622 0.0185 0.03890489913544668
0 0.4025 0.11563400576368875 0.023 0.032420749279538905
1 0.391 0.06195965417867435 0.018000000000000002 0.034582132564841495
1 0.35975 0.015129682997118154 0.0155 0.02593659942363112
1 0.3525 0.0569164265129683 0.019 0.037463976945244955
1 0.315 0.09041786743515849 0.015 0.0223342939481268
1 0.2985 0.1195965417867435 0.018000000000000002 0.03314121037463977
1 0.261 0.14265129682997119 0.018000000000000002 0.03170028818443804
1 0.3975 0.19956772334293946 0.022 0.030259365994236308
1 0.3255 0.20280979827089335 0.018000000000000002 0.029538904899135444
0 0.34475 0.2345100864553314 0.0205 0.04682997118155619
1 0.36725 0.2892651296829971 0.0285 0.04106628242074928
1 0.45625 0.32204610951008644 0.029500000000000002 0.05187319884726224
1 0.48575 0.3605907780979827 0.0205 0.045389048991354465
1 0.49575 0.44632564841498557 0.0225 0.05115273775216138
1 0.4545 0.531700288184438 0.026000000000000002 0.05763688760806916
1 0.47350000000000003 0.5785302593659942 0.03 0.05907780979827089
1 0.754 0.9099423631123918 0.039 0.07348703170028818
1 0.64625 0.8227665706051873 0.0305 0.05907780979827089
1 0.606 0.7514409221902016 0.035 0.053314121037463975
1 0.54425 0.8609510086455331 0.0425 0.06772334293948126
1 0.4595 0.7820605187319885 0.025 0.055475504322766565
1 0.41200000000000003 0.9239913544668588 0.038 0.07853025936599423
1 0.3275 0.7705331412103746 0.036000000000000004 0.0670028818443804
1 0.40750000000000003 0.7028097982708933 0.032 0.07276657060518732
1 0.37975000000000003 0.6948847262247838 0.0275 0.05979827089337175
1 0.3755 0.6145533141210374 0.023 0.0547550432276657
1 0.4325 0.4254322766570605 0.021 0.042507204610951005
1 0.42125 0.3598703170028818 0.0205 0.04682997118155619
1 0.34425 0.36347262247838613 0.0205 0.03674351585014409
1 0.3635 0.45425072046109505 0.035 0.055475504322766565
0 0.2895 0.44632564841498557 0.03 0.045389048991354465
0 0.304 0.26657060518731984 0.021 0.037463976945244955
1 0.244 0.24171469740634005 0.024 0.04971181556195965
0 0.21075 0.24603746397694523 0.0155 0.039625360230547545
0 0.14025 0.2849423631123919 0.0245 0.04106628242074928
1 0.1305 0.04610951008645533 0.017 0.02881844380403458
1 0.0885 0.19524495677233428 0.018000000000000002 0.03602305475504323
0 0.26375 0.28530259365994237 0.0305 0.04899135446685879
1 0.26075 0.3944524495677233 0.0245 0.05259365994236311
1 0.17200000000000001 0.37283861671469737 0.02 0.048270893371757925
1 0.1305 0.36707492795389046 0.026000000000000002 0.04971181556195965
1 0.29 0.5554755043227665 0.029 0.06195965417867435
1 0.26125 0.6077089337175792 0.0305 0.06412103746397695
1 0.13075 0.4682997118155619 0.0305 0.05619596541786743
1 0.07150000000000001 0.45425072046109505 0.022 0.042507204610951005
1 0.01675 0.47586455331412103 0.0285 0.04394812680115273
0 0.113 0.5673631123919308 0.023 0.05115273775216138
0 0.16175 0.6311239193083573 0.0275 0.05619596541786743
1 0.07425 0.694164265129683 0.0345 0.06412103746397695
