1 0.3647435897435897 0.41620370370370374 0.03461538461538462 0.0787037037037037
1 0.3074786324786325 0.4305555555555556 0.031196581196581197 0.07222222222222223
1 0.2547008547008547 0.4236111111111111 0.02735042735042735 0.05462962962962963
1 0.4532051282051282 0.43703703703703706 0.04316239316239316 0.10555555555555556
1 0.5158119658119659 0.4388888888888889 0.02735042735042735 0.06666666666666667
1 0.6113247863247864 0.4486111111111111 0.05 0.11944444444444445
1 0.6717948717948717 0.4398148148148148 0.035897435897435895 0.09074074074074075
1 0.786965811965812 0.48240740740740745 0.05 0.1388888888888889
1 0.8416666666666667 0.4324074074074074 0.03547008547008547 0.1
1 0.6256410256410256 0.36342592592592593 0.011965811965811965 0.026851851851851852
