1 0.3036324786324786 0.32175925925925924 0.023504273504273504 0.0638888888888889
1 0.355982905982906 0.33240740740740743 0.02564102564102564 0.05740740740740741
1 0.3767094017094017 0.3194444444444445 0.02264957264957265 0.061111111111111116
1 0.41923076923076924 0.3125 0.02735042735042735 0.09166666666666667
1 0.4634615384615385 0.3189814814814815 0.02435897435897436 0.0638888888888889
1 0.49230769230769234 0.3263888888888889 0.035897435897435895 0.0787037037037037
1 0.5376068376068376 0.3365740740740741 0.021367521367521368 0.05462962962962963
1 0.5726495726495726 0.3416666666666667 0.02905982905982906 0.06296296296296297
1 0.5935897435897436 0.3050925925925926 0.042735042735042736 0.08981481481481482
1 0.6775641025641026 0.3189814814814815 0.0405982905982906 0.10092592592592593
1 0.719017094017094 0.3162037037037037 0.023504273504273504 0.11574074074074074
1 0.7566239316239316 0.3351851851851852 0.05854700854700855 0.11851851851851852
1 0.14786324786324787 0.2851851851851852 0.02735042735042735 0.053703703703703705
