1 0.15491452991452992 0.5625 0.0841880341880342 0.33796296296296297
1 0.2230769230769231 0.4189814814814815 0.07948717948717948 0.275
1 0.20213675213675214 0.15046296296296297 0.07094017094017094 0.21203703703703705
1 0.3405982905982906 0.08101851851851852 0.05213675213675214 0.11203703703703705
1 0.31858974358974357 0.20972222222222223 0.07222222222222222 0.21574074074074076
1 0.4621794871794872 0.2662037037037037 0.09273504273504274 0.275
1 0.3816239316239316 0.6907407407407408 0.11965811965811966 0.27222222222222225
1 0.41452991452991456 0.030092592592592594 0.03247863247863248 0.05277777777777778
1 0.461965811965812 0.024074074074074074 0.03418803418803419 0.0462962962962963
1 0.5027777777777778 0.1587962962962963 0.050854700854700854 0.15833333333333333
1 0.5773504273504273 0.4981481481481482 0.09145299145299145 0.29074074074074074
1 0.7786324786324786 0.5203703703703704 0.08461538461538462 0.22592592592592595
1 0.8811965811965812 0.49953703703703706 0.0829059829059829 0.19166666666666668
1 0.833974358974359 0.3675925925925926 0.055982905982905985 0.1537037037037037
1 0.8688034188034188 0.24675925925925926 0.040170940170940174 0.10833333333333334
1 0.7995726495726496 0.24444444444444446 0.05299145299145299 0.10555555555555556
1 0.7549145299145299 0.20555555555555557 0.03888888888888889 0.11851851851851852
1 0.722008547008547 0.29305555555555557 0.049145299145299144 0.1527777777777778
1 0.6267094017094017 0.2935185185185185 0.07136752136752136 0.1925925925925926
1 0.8997863247863248 0.11296296296296297 0.03974358974358974 0.09814814814814815
