1 0.23547008547008547 0.2967592592592593 0.04871794871794872 0.1398148148148148
1 0.17136752136752137 0.6208333333333333 0.041025641025641026 0.08796296296296297
1 0.27542735042735045 0.625925925925926 0.04316239316239316 0.07592592592592592
1 0.5111111111111111 0.17592592592592593 0.03675213675213675 0.07777777777777778
1 0.5888888888888889 0.250462962962963 0.0452991452991453 0.13796296296296298
1 0.6551282051282051 0.17500000000000002 0.037606837606837605 0.08518518518518518
1 0.5826923076923077 0.6814814814814815 0.04230769230769231 0.1462962962962963
1 0.6688034188034188 0.600462962962963 0.03247863247863248 0.08240740740740742
1 0.7506410256410256 0.6671296296296296 0.03717948717948718 0.13425925925925927
1 0.7826923076923077 0.5787037037037037 0.02435897435897436 0.06851851851851852
1 0.8564102564102564 0.5740740740740741 0.023076923076923078 0.07222222222222223
1 0.8948717948717949 0.6546296296296297 0.03333333333333333 0.15
