1 0.1346153846153846 0.36712962962962964 0.021367521367521368 0.04722222222222222
1 0.1564102564102564 0.3416666666666667 0.013675213675213675 0.020370370370370372
1 0.17670940170940172 0.3837962962962963 0.023504273504273504 0.05277777777777778
1 0.19658119658119658 0.4115740740740741 0.02393162393162393 0.06759259259259259
1 0.23525641025641025 0.37962962962962965 0.014957264957264958 0.044444444444444446
1 0.2799145299145299 0.412962962962963 0.037606837606837605 0.08148148148148149
1 0.49893162393162394 0.38842592592592595 0.0876068376068376 0.30462962962962964
1 0.6121794871794872 0.3712962962962963 0.03290598290598291 0.053703703703703705
1 0.6076923076923076 0.45 0.02905982905982906 0.08148148148148149
1 0.6891025641025641 0.375 0.031196581196581197 0.06851851851851852
1 0.7621794871794871 0.35694444444444445 0.03632478632478633 0.10092592592592593
1 0.7959401709401709 0.3791666666666667 0.031196581196581197 0.06574074074074074
1 0.8647435897435898 0.3837962962962963 0.03461538461538462 0.08981481481481482
1 0.3856837606837607 0.42314814814814816 0.03974358974358974 0.09814814814814815
1 0.3452991452991453 0.35833333333333334 0.02393162393162393 0.044444444444444446
1 0.30277777777777776 0.3648148148148148 0.02264957264957265 0.05185185185185186
0 0.8333333333333334 0.34444444444444444 0.015384615384615385 0.02592592592592593
