1 0.902991452991453 0.3541666666666667 0.023076923076923078 0.04722222222222222
1 0.838034188034188 0.35185185185185186 0.029914529914529916 0.05185185185185186
1 0.7685897435897436 0.3726851851851852 0.021794871794871794 0.04722222222222222
1 0.7818376068376068 0.33472222222222225 0.014957264957264958 0.03425925925925926
1 0.7495726495726496 0.3402777777777778 0.018803418803418803 0.03981481481481482
1 0.7335470085470085 0.3416666666666667 0.011538461538461539 0.02777777777777778
1 0.7168803418803419 0.3740740740740741 0.018376068376068377 0.037037037037037035
1 0.7032051282051281 0.36435185185185187 0.021794871794871794 0.06759259259259259
1 0.6724358974358975 0.36574074074074076 0.012393162393162393 0.044444444444444446
1 0.6476495726495727 0.3513888888888889 0.011538461538461539 0.04166666666666667
1 0.6376068376068376 0.38101851851851853 0.013675213675213675 0.04537037037037037
1 0.6094017094017093 0.36203703703703705 0.015384615384615385 0.03518518518518519
1 0.5818376068376069 0.36203703703703705 0.02264957264957265 0.05555555555555556
1 0.5581196581196581 0.3819444444444445 0.01282051282051282 0.032407407407407406
1 0.5006410256410256 0.375 0.019230769230769232 0.05740740740740741
1 0.4425213675213675 0.35324074074074074 0.01752136752136752 0.03796296296296296
1 0.45534188034188033 0.362962962962963 0.011538461538461539 0.044444444444444446
1 0.42136752136752137 0.3925925925925926 0.01623931623931624 0.05185185185185186
1 0.4047008547008547 0.3699074074074074 0.010256410256410256 0.04166666666666667
1 0.3888888888888889 0.375462962962963 0.01452991452991453 0.030555555555555558
1 0.3762820512820513 0.35833333333333334 0.013247863247863248 0.03888888888888889
1 0.36004273504273504 0.3962962962962963 0.021794871794871794 0.05
1 0.33952991452991454 0.3791666666666667 0.014957264957264958 0.032407407407407406
1 0.2931623931623932 0.39814814814814814 0.018803418803418803 0.0462962962962963
1 0.2651709401709402 0.3768518518518519 0.01752136752136752 0.031481481481481485
1 0.24636752136752138 0.4041666666666667 0.01752136752136752 0.03796296296296296
1 0.2311965811965812 0.4046296296296297 0.017094017094017096 0.03888888888888889
1 0.21602564102564104 0.38657407407407407 0.013247863247863248 0.028703703703703703
1 0.1997863247863248 0.39861111111111114 0.01752136752136752 0.04351851851851852
1 0.1873931623931624 0.3962962962962963 0.014957264957264958 0.03333333333333333
1 0.15405982905982907 0.4 0.019230769230769232 0.05740740740740741
