1 0.8348290598290599 0.3990740740740741 0.020085470085470087 0.05
1 0.7606837606837606 0.3893518518518519 0.01623931623931624 0.05092592592592593
1 0.6920940170940171 0.3976851851851852 0.01752136752136752 0.028703703703703703
1 0.6666666666666666 0.4050925925925926 0.021367521367521368 0.05648148148148149
1 0.642948717948718 0.38657407407407407 0.014102564102564103 0.03425925925925926
1 0.6100427350427351 0.4041666666666667 0.021794871794871794 0.049074074074074076
1 0.5824786324786325 0.40555555555555556 0.035897435897435895 0.0962962962962963
1 0.27713675213675215 0.3453703703703704 0.03376068376068376 0.08518518518518518
1 0.1405982905982906 0.4166666666666667 0.009401709401709401 0.024074074074074074
1 0.10918803418803419 0.4166666666666667 0.009829059829059829 0.02962962962962963
1 0.43696581196581197 0.4115740740740741 0.025213675213675214 0.062037037037037036
