1 0.8512820512820513 0.33472222222222225 0.021367521367521368 0.05277777777777778
1 0.7367521367521368 0.3402777777777778 0.021367521367521368 0.06759259259259259
1 0.5113247863247863 0.34814814814814815 0.020085470085470087 0.03518518518518519
1 0.46431623931623933 0.34814814814814815 0.014102564102564103 0.03518518518518519
1 0.4502136752136752 0.34861111111111115 0.011538461538461539 0.025
1 0.4361111111111111 0.35000000000000003 0.00811965811965812 0.031481481481481485
1 0.2064102564102564 0.35000000000000003 0.026495726495726495 0.06481481481481481
1 0.28952991452991456 0.35555555555555557 0.016666666666666666 0.053703703703703705
1 0.35341880341880344 0.3560185185185185 0.013675213675213675 0.025
1 0.3423076923076923 0.34814814814814815 0.011111111111111112 0.03518518518518519
1 0.12756410256410255 0.33611111111111114 0.013247863247863248 0.020370370370370372
