1 0.8479166666666667 0.47962962962962963 0.06666666666666667 0.14814814814814814
1 0.6557291666666667 0.36388888888888893 0.04895833333333333 0.09074074074074075
1 0.6260416666666666 0.5824074074074075 0.06041666666666667 0.11666666666666667
1 0.5723958333333333 0.3805555555555556 0.042708333333333334 0.08703703703703704
1 0.47604166666666664 0.35555555555555557 0.03958333333333333 0.08148148148148149
1 0.4145833333333333 0.5194444444444445 0.05625 0.12037037037037038
1 0.37447916666666664 0.3212962962962963 0.046875 0.10185185185185186
1 0.21458333333333332 0.34351851851851856 0.05416666666666667 0.08703703703703704
1 0.265625 0.5268518518518519 0.06458333333333333 0.1277777777777778
1 0.12291666666666666 0.5175925925925926 0.05625 0.10925925925925926
1 0.0890625 0.3740740740740741 0.053125 0.0925925925925926
