1 0.3388888888888889 0.36064814814814816 0.02905982905982906 0.08240740740740742
1 0.5194444444444445 0.3907407407407408 0.023504273504273504 0.06666666666666667
1 0.5032051282051282 0.4939814814814815 0.02094017094017094 0.06944444444444445
1 0.560042735042735 0.3814814814814815 0.02094017094017094 0.05185185185185186
1 0.660042735042735 0.35833333333333334 0.027777777777777776 0.05925925925925926
1 0.763034188034188 0.350462962962963 0.01752136752136752 0.026851851851851852
1 0.8269230769230769 0.3837962962962963 0.020512820512820513 0.04537037037037037
1 0.9014957264957265 0.3912037037037037 0.011538461538461539 0.04351851851851852
1 0.7634615384615384 0.45416666666666666 0.026923076923076925 0.04166666666666667
1 0.8134615384615385 0.4449074074074074 0.020085470085470087 0.049074074074074076
