1 0.5401709401709401 0.4981481481481482 0.03418803418803419 0.08518518518518518
1 0.45064102564102565 0.4638888888888889 0.04145299145299145 0.0962962962962963
1 0.3852564102564103 0.4291666666666667 0.029487179487179487 0.07314814814814816
1 0.35662393162393163 0.43842592592592594 0.02606837606837607 0.06574074074074074
1 0.31965811965811963 0.4513888888888889 0.041025641025641026 0.09166666666666667
1 0.23995726495726497 0.45833333333333337 0.03803418803418803 0.08703703703703704
1 0.17735042735042736 0.46574074074074073 0.03162393162393162 0.07407407407407407
1 0.22136752136752136 0.4277777777777778 0.022222222222222223 0.06296296296296297
1 0.1938034188034188 0.3101851851851852 0.026923076923076925 0.06666666666666667
1 0.28568376068376067 0.2976851851851852 0.020085470085470087 0.05462962962962963
1 0.35833333333333334 0.31342592592592594 0.023504273504273504 0.058333333333333334
1 0.42136752136752137 0.3125 0.024786324786324785 0.04537037037037037
1 0.44316239316239314 0.3944444444444445 0.023076923076923078 0.05555555555555556
1 0.49166666666666664 0.4240740740740741 0.02264957264957265 0.053703703703703705
1 0.5423076923076923 0.4013888888888889 0.01623931623931624 0.05462962962962963
1 0.5271367521367522 0.39212962962962966 0.019230769230769232 0.0712962962962963
1 0.5692307692307692 0.4291666666666667 0.03247863247863248 0.08425925925925926
1 0.6303418803418803 0.40740740740740744 0.026495726495726495 0.06851851851851852
1 0.6527777777777778 0.4342592592592593 0.031196581196581197 0.07037037037037037
1 0.6711538461538461 0.4041666666666667 0.018376068376068377 0.062037037037037036
1 0.6884615384615385 0.4305555555555556 0.028205128205128206 0.07222222222222223
1 0.7269230769230769 0.39537037037037037 0.022222222222222223 0.061111111111111116
1 0.7861111111111111 0.4078703703703704 0.03034188034188034 0.062037037037037036
1 0.7138888888888889 0.4847222222222222 0.04230769230769231 0.08240740740740742
1 0.6711538461538461 0.5064814814814815 0.03888888888888889 0.10555555555555556
1 0.7914529914529914 0.5273148148148148 0.04957264957264957 0.11574074074074074
1 0.8651709401709402 0.48194444444444445 0.03290598290598291 0.09351851851851853
0 0.8938034188034188 0.5439814814814815 0.031196581196581197 0.1287037037037037
1 0.5017094017094017 0.3101851851851852 0.022222222222222223 0.053703703703703705
1 0.5886752136752137 0.31851851851851853 0.016666666666666666 0.03888888888888889
1 0.6017094017094017 0.3194444444444445 0.011965811965811965 0.031481481481481485
1 0.6292735042735043 0.5143518518518518 0.04145299145299145 0.13055555555555556
1 0.2972222222222222 0.43703703703703706 0.014957264957264958 0.06851851851851852
