1 0.6132478632478633 0.537962962962963 0.05982905982905983 0.13148148148148148
1 0.6976495726495726 0.40046296296296297 0.03290598290598291 0.08425925925925926
1 0.7444444444444445 0.2949074074074074 0.018803418803418803 0.04351851851851852
1 0.7461538461538462 0.23101851851851854 0.008547008547008548 0.030555555555555558
1 0.5547008547008547 0.1814814814814815 0.013675213675213675 0.02777777777777778
1 0.6431623931623932 0.24861111111111112 0.01282051282051282 0.05462962962962963
1 0.6247863247863248 0.24074074074074076 0.015384615384615385 0.04814814814814815
1 0.5764957264957264 0.28101851851851856 0.021367521367521368 0.049074074074074076
1 0.49572649572649574 0.274537037037037 0.03333333333333333 0.0787037037037037
1 0.42286324786324786 0.337037037037037 0.026923076923076925 0.1
1 0.28354700854700854 0.34861111111111115 0.04658119658119658 0.10092592592592593
