1 0.5470085470085471 0.23101851851851854 0.042735042735042736 0.1527777777777778
1 0.6925213675213675 0.19305555555555556 0.049145299145299144 0.14166666666666666
1 0.363034188034188 0.27685185185185185 0.054273504273504275 0.15185185185185185
1 0.1606837606837607 0.19351851851851853 0.04871794871794872 0.11851851851851852
1 0.0985042735042735 0.10092592592592593 0.019230769230769232 0.0925925925925926
1 0.20448717948717948 0.6208333333333333 0.03888888888888889 0.14351851851851852
1 0.3576923076923077 0.6638888888888889 0.044444444444444446 0.1388888888888889
1 0.49786324786324787 0.6694444444444445 0.05299145299145299 0.14814814814814814
1 0.5811965811965812 0.6518518518518519 0.05128205128205128 0.14444444444444446
1 0.6324786324786325 0.5703703703703704 0.035897435897435895 0.09444444444444444
1 0.7153846153846154 0.6620370370370371 0.05213675213675214 0.17037037037037037
1 0.7482905982905983 0.5601851851851852 0.03162393162393162 0.08518518518518518
1 0.8737179487179487 0.7097222222222223 0.047435897435897434 0.14537037037037037
1 0.8358974358974359 0.1638888888888889 0.05811965811965812 0.12592592592592594
