1 0.892948717948718 0.5291666666666667 0.03974358974358974 0.125
1 0.9008547008547009 0.27546296296296297 0.02393162393162393 0.09537037037037037
1 0.8288461538461539 0.29814814814814816 0.03974358974358974 0.10925925925925926
1 0.8036324786324787 0.5481481481481482 0.03632478632478633 0.08703703703703704
1 0.7688034188034188 0.3023148148148148 0.02905982905982906 0.0787037037037037
1 0.7181623931623932 0.25833333333333336 0.03888888888888889 0.0962962962962963
1 0.7348290598290599 0.5620370370370371 0.03888888888888889 0.11296296296296297
1 0.6568376068376068 0.25277777777777777 0.02905982905982906 0.10555555555555556
1 0.6361111111111111 0.5407407407407407 0.0405982905982906 0.11481481481481481
1 0.5993589743589743 0.23935185185185187 0.03803418803418803 0.08981481481481482
1 0.5299145299145299 0.23425925925925928 0.03162393162393162 0.10555555555555556
1 0.5572649572649573 0.5578703703703703 0.04358974358974359 0.1175925925925926
1 0.4794871794871795 0.5717592592592593 0.03333333333333333 0.07314814814814816
1 0.39123931623931624 0.5939814814814816 0.03376068376068376 0.0787037037037037
1 0.2141025641025641 0.29120370370370374 0.044444444444444446 0.09537037037037037
