1 0.7185897435897436 0.5162037037037037 0.03290598290598291 0.08611111111111111
1 0.5884615384615385 0.47500000000000003 0.03162393162393162 0.04814814814814815
1 0.4844017094017094 0.4412037037037037 0.02606837606837607 0.05277777777777778
1 0.42606837606837605 0.5592592592592592 0.042735042735042736 0.11851851851851852
1 0.30405982905982903 0.5023148148148149 0.025213675213675214 0.075
1 0.39636752136752135 0.4305555555555556 0.02435897435897436 0.05185185185185186
1 0.3681623931623932 0.39490740740740743 0.013247863247863248 0.030555555555555558
1 0.34636752136752136 0.3962962962962963 0.014102564102564103 0.02777777777777778
1 0.3230769230769231 0.40925925925925927 0.023076923076923078 0.05925925925925926
1 0.2707264957264957 0.39351851851851855 0.011538461538461539 0.03888888888888889
1 0.23995726495726497 0.40324074074074073 0.02435897435897436 0.04722222222222222
1 0.20213675213675214 0.4101851851851852 0.02564102564102564 0.0462962962962963
1 0.16004273504273503 0.40555555555555556 0.011538461538461539 0.037037037037037035
1 0.11217948717948718 0.40046296296296297 0.016666666666666666 0.03425925925925926
1 0.13311965811965812 0.47222222222222227 0.020085470085470087 0.06481481481481481
1 0.23931623931623933 0.4712962962962963 0.03076923076923077 0.06296296296296297
0 0.6344017094017094 0.26157407407407407 0.027777777777777776 0.08425925925925926
