1 0.8863247863247863 0.30972222222222223 0.013675213675213675 0.04351851851851852
1 0.8673076923076923 0.2986111111111111 0.01752136752136752 0.049074074074074076
1 0.8254273504273504 0.4449074074074074 0.02264957264957265 0.06018518518518519
1 0.7726495726495727 0.26805555555555555 0.018803418803418803 0.049074074074074076
1 0.7416666666666667 0.28564814814814815 0.02264957264957265 0.05092592592592593
1 0.7138888888888889 0.2763888888888889 0.01752136752136752 0.049074074074074076
1 0.7942307692307692 0.4356481481481482 0.014957264957264958 0.0638888888888889
1 0.7668803418803419 0.4412037037037037 0.01752136752136752 0.05648148148148149
1 0.7489316239316239 0.4615740740740741 0.02264957264957265 0.05462962962962963
1 0.7245726495726496 0.4703703703703704 0.01581196581196581 0.06296296296296297
1 0.7032051282051281 0.46851851851851856 0.016666666666666666 0.07962962962962963
1 0.6724358974358975 0.3189814814814815 0.025213675213675214 0.036111111111111115
1 0.6416666666666667 0.29212962962962963 0.014102564102564103 0.049074074074074076
1 0.6696581196581196 0.48333333333333334 0.020512820512820513 0.06481481481481481
1 0.6271367521367521 0.31527777777777777 0.014957264957264958 0.05092592592592593
1 0.6348290598290598 0.46481481481481485 0.027777777777777776 0.08703703703703704
1 0.5861111111111111 0.28935185185185186 0.019230769230769232 0.05462962962962963
1 0.6053418803418803 0.5050925925925926 0.020085470085470087 0.0712962962962963
1 0.5523504273504274 0.30648148148148147 0.021794871794871794 0.04814814814814815
1 0.5705128205128205 0.5222222222222223 0.028205128205128206 0.08518518518518518
1 0.5222222222222223 0.29120370370370374 0.01623931623931624 0.058333333333333334
1 0.522008547008547 0.5032407407407408 0.026923076923076925 0.0787037037037037
1 0.5027777777777778 0.28703703703703703 0.020085470085470087 0.07037037037037037
1 0.47649572649572647 0.26851851851851855 0.021367521367521368 0.07037037037037037
1 0.4873931623931624 0.5638888888888889 0.02264957264957265 0.08518518518518518
1 0.45042735042735044 0.33240740740740743 0.02393162393162393 0.07962962962962963
1 0.405982905982906 0.3199074074074074 0.02564102564102564 0.07685185185185185
1 0.41794871794871796 0.5157407407407407 0.03162393162393162 0.08703703703703704
1 0.37115384615384617 0.3050925925925926 0.02435897435897436 0.09537037037037037
1 0.35363247863247865 0.5657407407407408 0.02606837606837607 0.07407407407407407
1 0.31688034188034186 0.3300925925925926 0.027777777777777776 0.08425925925925926
1 0.2688034188034188 0.34675925925925927 0.023076923076923078 0.0712962962962963
1 0.29636752136752137 0.6037037037037037 0.03547008547008547 0.09814814814814815
1 0.21474358974358973 0.3060185185185185 0.03461538461538462 0.09351851851851853
1 0.22371794871794873 0.6263888888888889 0.03290598290598291 0.1175925925925926
1 0.1502136752136752 0.2976851851851852 0.031196581196581197 0.08796296296296297
1 0.1363247863247863 0.6958333333333334 0.044444444444444446 0.11944444444444445
1 0.1111111111111111 0.29120370370370374 0.03333333333333333 0.11203703703703705
0 0.33547008547008544 0.15925925925925927 0.015384615384615385 0.044444444444444446
