0 0.5962616822429907 0.34175084175084175 0.022429906542056077 0.043771043771043766
0 0.7616822429906542 0.23737373737373738 0.014953271028037384 0.03367003367003367
0 0.8640186915887851 0.23148148148148148 0.017757009345794394 0.025252525252525252
0 0.9205607476635514 0.186026936026936 0.011214953271028038 0.03535353535353535
0 0.8299065420560748 0.12962962962962962 0.013084112149532711 0.026936026936026935
0 0.8004672897196262 0.17003367003367004 0.010280373831775701 0.043771043771043766
0 0.6696261682242991 0.20286195286195285 0.010280373831775701 0.03872053872053872
0 0.6990654205607477 0.17424242424242423 0.013084112149532711 0.028619528619528618
0 0.6084112149532711 0.19949494949494948 0.011214953271028038 0.028619528619528618
0 0.5630841121495327 0.2946127946127946 0.023364485981308414 0.04713804713804714
0 0.6747663551401869 0.35942760942760943 0.022429906542056077 0.05892255892255892
0 0.4046728971962617 0.29292929292929293 0.01869158878504673 0.043771043771043766
0 0.5817757009345794 0.15656565656565655 0.012149532710280374 0.0202020202020202
0 0.6135514018691589 0.13383838383838384 0.010280373831775701 0.025252525252525252
0 0.7794392523364486 0.1127946127946128 0.007476635514018692 0.02356902356902357
0 0.29813084112149535 0.2626262626262626 0.011214953271028038 0.02356902356902357
0 0.47757009345794393 0.18855218855218855 0.013084112149532711 0.02356902356902357
