0 0.674792531120332 0.6266294227188082 0.03008298755186722 0.11359404096834265
0 0.7074688796680498 0.441340782122905 0.03734439834024896 0.0931098696461825
0 0.8267634854771784 0.2616387337057728 0.01867219917012448 0.03910614525139665
0 0.9491701244813278 0.22160148975791433 0.016597510373443983 0.037243947858473
0 0.7899377593360996 0.2346368715083799 0.00933609958506224 0.037243947858473
0 0.6275933609958506 0.2532588454376164 0.024896265560165977 0.0446927374301676
0 0.5814315352697096 0.2243947858472998 0.017634854771784232 0.03165735567970205
0 0.5570539419087137 0.20577281191806332 0.012448132780082988 0.03165735567970205
0 0.5186721991701245 0.1983240223463687 0.012448132780082988 0.027932960893854747
0 0.4470954356846473 0.23556797020484171 0.01867219917012448 0.024208566108007448
