0 0.6678403755868545 0.3224789915966386 0.023474178403755867 0.044117647058823525
0 0.8210093896713615 0.384453781512605 0.022300469483568074 0.05042016806722689
0 0.7224178403755869 0.27205882352941174 0.015258215962441314 0.05672268907563025
0 0.7664319248826291 0.24369747899159663 0.02112676056338028 0.0546218487394958
0 0.744131455399061 0.2079831932773109 0.01643192488262911 0.04201680672268907
0 0.7095070422535211 0.20483193277310924 0.015258215962441314 0.031512605042016806
0 0.6725352112676056 0.20168067226890757 0.01643192488262911 0.025210084033613446
0 0.6684272300469484 0.25210084033613445 0.01995305164319249 0.05042016806722689
0 0.6285211267605634 0.1995798319327731 0.015258215962441314 0.03361344537815126
0 0.5539906103286385 0.18907563025210083 0.023474178403755867 0.04201680672268907
0 0.5469483568075117 0.30777310924369744 0.02112676056338028 0.06092436974789916
0 0.24295774647887325 0.384453781512605 0.03990610328638498 0.10504201680672269
