1 0.1285 0.048270893371757925 0.016 0.023054755043227664
1 0.088 0.1999279538904899 0.019 0.029538904899135444
0 0.1395 0.2896253602305475 0.024 0.03314121037463977
1 0.129 0.3721181556195965 0.028 0.039625360230547545
1 0.17675 0.37824207492795386 0.0165 0.037463976945244955
1 0.01675 0.48198847262247835 0.0245 0.040345821325648415
1 0.07075000000000001 0.4636167146974063 0.025500000000000002 0.030979827089337175
1 0.131 0.47550432276657056 0.028 0.037463976945244955
0 0.11275 0.5706051873198847 0.0275 0.040345821325648415
1 0.07425 0.7060518731988472 0.0265 0.03170028818443804
1 0.3615 0.01909221902017291 0.018000000000000002 0.025216138328530258
1 0.35225 0.057997118155619594 0.021500000000000002 0.030979827089337175
1 0.31675000000000003 0.09329971181556196 0.0155 0.026657060518731988
1 0.3 0.12103746397694523 0.015 0.02737752161383285
1 0.265 0.14913544668587894 0.02 0.02737752161383285
1 0.244 0.23955331412103745 0.017 0.023775216138328528
0 0.21275 0.24999999999999997 0.0175 0.024495677233429394
1 0.22225 0.28422190201729103 0.0195 0.028097982708933714
0 0.266 0.2910662824207493 0.021 0.02881844380403458
1 0.26375 0.40273775216138324 0.0205 0.034582132564841495
0 0.28425 0.45208933717579247 0.0175 0.029538904899135444
1 0.289 0.5630403458213256 0.028 0.042507204610951005
1 0.26125 0.6123919308357348 0.029500000000000002 0.04322766570605187
1 0.3245 0.7780979827089337 0.033 0.04899135446685879
1 0.2455 0.9495677233429394 0.038 0.05619596541786743
1 0.4535 0.018011527377521614 0.011 0.020172910662824207
1 0.4175 0.05763688760806916 0.015 0.02593659942363112
1 0.3925 0.06952449567723343 0.017 0.023775216138328528
0 0.40125 0.11779538904899135 0.0135 0.023775216138328528
1 0.43075 0.10626801152737751 0.0185 0.032420749279538905
1 0.325 0.2089337175792507 0.019 0.02737752161383285
1 0.39775 0.2053314121037464 0.0175 0.02881844380403458
0 0.34550000000000003 0.2413544668587896 0.02 0.030259365994236308
0 0.3005 0.27125360230547546 0.017 0.028097982708933714
1 0.3675 0.29430835734870314 0.022 0.032420749279538905
1 0.342 0.3706772334293948 0.023 0.028097982708933714
1 0.453 0.32780979827089335 0.022 0.034582132564841495
1 0.42025 0.3717579250720461 0.0245 0.02881844380403458
1 0.35575 0.4614553314121037 0.0195 0.03674351585014409
1 0.43125 0.4337175792507204 0.0235 0.03890489913544668
1 0.37575000000000003 0.6246397694524495 0.025500000000000002 0.04178674351585014
1 0.37975000000000003 0.7006484149855907 0.025500000000000002 0.042507204610951005
1 0.40950000000000003 0.7121757925072045 0.029 0.04394812680115273
1 0.41200000000000003 0.9376801152737751 0.036000000000000004 0.05403458213256484
1 0.461 0.7925072046109509 0.017 0.03602305475504323
1 0.46975 0.5893371757925072 0.0265 0.040345821325648415
1 0.45425 0.5493515850144092 0.025500000000000002 0.029538904899135444
1 0.47600000000000003 0.06880403458213256 0.013000000000000001 0.02089337175792507
1 0.54475 0.03386167146974063 0.0125 0.021613832853025934
1 0.50875 0.07780979827089336 0.0125 0.011527377521613832
1 0.53925 0.10698847262247838 0.0165 0.025216138328530258
1 0.57325 0.06340057636887608 0.0165 0.02593659942363112
1 0.49625 0.14085014409221902 0.0165 0.028097982708933714
1 0.532 0.20100864553314118 0.01 0.018731988472622477
1 0.50675 0.24063400576368874 0.0205 0.024495677233429394
1 0.561 0.3007925072046109 0.019 0.030979827089337175
1 0.4845 0.3663544668587896 0.02 0.03530259365994236
1 0.55625 0.3494236311239193 0.0195 0.02881844380403458
1 0.5377500000000001 0.3786023054755043 0.0225 0.039625360230547545
1 0.49575 0.45713256484149856 0.0195 0.03386167146974063
1 0.629 0.010806916426512967 0.015 0.020172910662824207
1 0.64025 0.08861671469740634 0.0165 0.02593659942363112
1 0.667 0.07060518731988472 0.014 0.023054755043227664
1 0.6930000000000001 0.08789625360230546 0.011 0.021613832853025934
1 0.70225 0.09402017291066282 0.0145 0.025216138328530258
0 0.6765 0.13904899135446686 0.013000000000000001 0.023054755043227664
1 0.7342500000000001 0.1095100864553314 0.0155 0.02593659942363112
0 0.737 0.1430115273775216 0.015 0.025216138328530258
1 0.70975 0.20425072046109508 0.0175 0.026657060518731988
0 0.645 0.16930835734870317 0.017 0.021613832853025934
1 0.6235 0.18912103746397693 0.019 0.030979827089337175
1 0.63525 0.30007204610951005 0.0185 0.025216138328530258
1 0.6042500000000001 0.3951729106628242 0.0245 0.030979827089337175
1 0.6695 0.3872478386167147 0.02 0.028097982708933714
1 0.5962500000000001 0.5255763688760806 0.0275 0.030979827089337175
1 0.60375 0.7622478386167146 0.0325 0.0446685878962536
1 0.54775 0.8713976945244957 0.0345 0.05115273775216138
1 0.647 0.8299711815561959 0.033 0.04610951008645533
1 0.766 0.0111671469740634 0.016 0.02089337175792507
1 0.8200000000000001 0.07672910662824207 0.015 0.026657060518731988
0 0.8385 0.09293948126801152 0.014 0.021613832853025934
1 0.82075 0.1440922190201729 0.0125 0.023054755043227664
1 0.82675 0.17182997118155618 0.0175 0.025216138328530258
1 0.774 0.24207492795389046 0.02 0.03170028818443804
1 0.81925 0.3072766570605187 0.0185 0.030979827089337175
1 0.69625 0.4275936599423631 0.021500000000000002 0.03530259365994236
1 0.7312500000000001 0.4045389048991354 0.021500000000000002 0.032420749279538905
1 0.718 0.46397694524495675 0.025 0.034582132564841495
1 0.72675 0.5392651296829971 0.021500000000000002 0.04106628242074928
1 0.69875 0.5561959654178674 0.0275 0.04322766570605187
1 0.75675 0.9185878962536023 0.0345 0.053314121037463975
1 0.9025 0.9787463976945244 0.039 0.042507204610951005
1 0.96525 0.9845100864553313 0.0375 0.030979827089337175
1 0.9077500000000001 0.80835734870317 0.0325 0.04322766570605187
1 0.94175 0.786743515850144 0.0285 0.05187319884726224
1 0.94375 0.6062680115273775 0.0285 0.04394812680115273
1 0.9445 0.5353025936599424 0.027 0.037463976945244955
1 0.99475 0.4906340057636887 0.0105 0.03602305475504323
1 0.8975 0.4794668587896253 0.02 0.01945244956772334
1 0.9147500000000001 0.4376801152737752 0.0225 0.03386167146974063
1 0.882 0.3760806916426513 0.022 0.034582132564841495
1 0.9247500000000001 0.32204610951008644 0.0195 0.034582132564841495
1 0.8715 0.32240634005763685 0.021 0.032420749279538905
1 0.85075 0.28278097982708933 0.0185 0.032420749279538905
1 0.90825 0.2759365994236311 0.0135 0.023054755043227664
1 0.855 0.22370317002881843 0.019 0.028097982708933714
1 0.87025 0.16822766570605185 0.0165 0.026657060518731988
1 0.961 0.18371757925072044 0.011 0.02593659942363112
1 0.982 0.10662824207492795 0.016 0.024495677233429394
1 0.8955000000000001 0.07348703170028818 0.016 0.024495677233429394
1 0.86925 0.04322766570605187 0.0135 0.024495677233429394
1 0.93 0.052953890489913544 0.015 0.01945244956772334
0 0.9575 0.030979827089337175 0.012 0.020172910662824207
0 0.99375 0.07204610951008646 0.0125 0.020172910662824207
0 0.16475 0.6336455331412103 0.029500000000000002 0.03818443804034582
