0 0.6346153846153846 0.3145973154362416 0.014071294559099437 0.04194630872483222
0 0.8433395872420263 0.29697986577181207 0.016885553470919325 0.050335570469798654
0 0.8592870544090057 0.24161073825503354 0.024390243902439025 0.04697986577181208
0 0.8949343339587242 0.19463087248322147 0.016885553470919325 0.03355704697986577
0 0.8367729831144465 0.19379194630872482 0.016885553470919325 0.03859060402684564
0 0.7828330206378987 0.1442953020134228 0.010318949343339587 0.026845637583892617
0 0.7354596622889306 0.18875838926174496 0.0075046904315197 0.028523489932885907
0 0.7059099437148217 0.212248322147651 0.017823639774859287 0.04865771812080537
0 0.624765478424015 0.19714765100671142 0.009380863039399626 0.02181208053691275
0 0.6524390243902439 0.17869127516778524 0.014071294559099437 0.031879194630872486
0 0.5797373358348968 0.16526845637583892 0.013133208255159474 0.025167785234899327
0 0.6172607879924953 0.24916107382550334 0.024390243902439025 0.04194630872483222
0 0.5628517823639775 0.28942953020134227 0.01876172607879925 0.05536912751677852
0 0.5196998123827392 0.2986577181208054 0.020637898686679174 0.03691275167785235
0 0.5220450281425891 0.18959731543624161 0.014071294559099437 0.026845637583892617
0 0.4727954971857411 0.22483221476510068 0.01125703564727955 0.03691275167785235
0 0.4268292682926829 0.25838926174496646 0.020637898686679174 0.03691275167785235
0 0.3630393996247655 0.24664429530201343 0.01876172607879925 0.03355704697986577
0 0.3907129455909944 0.2684563758389262 0.01594746716697936 0.03691275167785235
