0 0.5681352459016393 0.2826086956521739 0.029713114754098362 0.057971014492753624
0 0.48565573770491804 0.22916666666666666 0.014344262295081968 0.041666666666666664
0 0.8570696721311476 0.3170289855072464 0.015368852459016395 0.05434782608695652
0 0.9175204918032788 0.35144927536231885 0.015368852459016395 0.043478260869565216
0 0.7950819672131147 0.2871376811594203 0.020491803278688527 0.04891304347826087
0 0.7428278688524591 0.266304347826087 0.02459016393442623 0.057971014492753624
0 0.684938524590164 0.26268115942028986 0.0194672131147541 0.036231884057971016
0 0.6280737704918034 0.2572463768115942 0.018442622950819672 0.043478260869565216
0 0.802766393442623 0.16485507246376813 0.011270491803278689 0.025362318840579712
0 0.7008196721311476 0.17119565217391305 0.014344262295081968 0.030797101449275364
0 0.1132172131147541 0.28532608695652173 0.02151639344262295 0.041666666666666664
