0 0.4273879142300195 0.28849407783417935 0.018518518518518517 0.04230118443316413
0 0.6603313840155945 0.2715736040609137 0.018518518518518517 0.049069373942470386
0 0.7675438596491228 0.24111675126903553 0.014619883040935672 0.052453468697123515
0 0.8001949317738791 0.2859560067681895 0.015594541910331383 0.047377326565143825
0 0.7987329434697855 0.188663282571912 0.014619883040935672 0.035532994923857864
0 0.7446393762183235 0.16328257191201354 0.007797270955165692 0.038917089678511
0 0.8576998050682261 0.1844331641285956 0.01364522417153996 0.03722504230118443
0 0.8445419103313839 0.21658206429780033 0.016569200779727095 0.023688663282571912
0 0.8908382066276803 0.23096446700507614 0.01364522417153996 0.038917089678511
0 0.5925925925925926 0.16751269035532995 0.015594541910331383 0.03722504230118443
