0 0.591566265060241 0.31798715203426126 0.028915662650602414 0.049250535331905786
0 0.8018072289156627 0.39828693790149894 0.025301204819277112 0.0556745182012848
0 0.9114457831325302 0.4057815845824411 0.020481927710843374 0.062098501070663815
0 0.7439759036144579 0.354389721627409 0.027710843373493978 0.044967880085653104
0 0.7500000000000001 0.28372591006423986 0.01807228915662651 0.04068522483940043
0 0.7578313253012049 0.23554603854389722 0.01927710843373494 0.03854389721627409
0 0.6753012048192771 0.20985010706638116 0.013253012048192772 0.03854389721627409
0 0.6644578313253012 0.2505353319057816 0.01807228915662651 0.047109207708779445
0 0.6259036144578314 0.208779443254818 0.01566265060240964 0.04068522483940043
0 0.5927710843373495 0.1605995717344754 0.016867469879518072 0.034261241970021415
0 0.5355421686746988 0.19164882226980728 0.013253012048192772 0.0278372591006424
