0 0.6915887850467289 0.31792975970425136 0.018691588785046728 0.066543438077634
0 0.8966770508826584 0.22828096118299446 0.01142263759086189 0.03512014787430684
0 0.9273104880581516 0.24584103512014788 0.016614745586708203 0.05545286506469501
0 0.8307372793354102 0.24861367837338263 0.018691588785046728 0.038817005545286505
0 0.7990654205607476 0.28835489833641403 0.02388369678089304 0.04805914972273567
0 0.7575285565939771 0.3465804066543438 0.017653167185877467 0.038817005545286505
0 0.8696780893042575 0.1765249537892791 0.013499480789200415 0.027726432532347505
0 0.7518172377985461 0.19038817005545286 0.016614745586708203 0.029574861367837338
0 0.8001038421599169 0.20147874306839186 0.009345794392523364 0.04066543438077634
0 0.7170301142263759 0.18022181146025879 0.01557632398753894 0.038817005545286505
0 0.7320872274143302 0.22735674676524953 0.012461059190031152 0.033271719038817
0 0.6349948078920041 0.24399260628465805 0.01142263759086189 0.033271719038817
0 0.6593977154724818 0.16913123844731978 0.010384215991692626 0.024029574861367836
0 0.5903426791277259 0.22273567467652494 0.01973001038421599 0.03512014787430684
0 0.6412253374870197 0.15249537892791126 0.013499480789200415 0.0166358595194085
0 0.553478712357217 0.17744916820702403 0.012461059190031152 0.04066543438077634
0 0.5379023883696781 0.15526802218114602 0.012461059190031152 0.025878003696857672
0 0.5202492211838006 0.1709796672828096 0.014537902388369679 0.02033271719038817
0 0.5114226375908619 0.14787430683918668 0.013499480789200415 0.022181146025878003
0 0.4854620976116303 0.1423290203327172 0.009345794392523364 0.029574861367837338
0 0.49169262720664586 0.17837338262476896 0.021806853582554516 0.031423290203327174
0 0.46313603322949115 0.2024029574861368 0.012461059190031152 0.03512014787430684
0 0.4387331256490135 0.23567467652495377 0.013499480789200415 0.024029574861367836
0 0.3862928348909657 0.24953789279112754 0.014537902388369679 0.033271719038817
0 0.3707165109034268 0.2255083179297597 0.010384215991692626 0.022181146025878003
0 0.35254413291796466 0.21811460258780035 0.01973001038421599 0.029574861367837338
