0 0.5372565622353938 0.4264069264069264 0.01778154106689246 0.03607503607503607
0 0.8272650296359018 0.5266955266955267 0.023708721422523286 0.0404040404040404
0 0.9187129551227773 0.48773448773448774 0.015241320914479254 0.04329004329004329
0 0.8670618120237087 0.38455988455988455 0.018628281117696866 0.03896103896103896
0 0.8213378492802709 0.3722943722943723 0.01693480101608806 0.04329004329004329
0 0.5897544453852667 0.48124098124098125 0.02286198137171888 0.030303030303030304
0 0.7171888230313294 0.4155844155844156 0.01693480101608806 0.03751803751803752
0 0.8209144792548687 0.30303030303030304 0.011007620660457238 0.025974025974025976
0 0.7150719729043183 0.3116883116883117 0.011007620660457238 0.0202020202020202
0 0.5656223539373412 0.25613275613275616 0.013547840812870448 0.030303030303030304
