0 0.6178535606820461 0.2912966252220249 0.012036108324974926 0.03907637655417407
0 0.8319959879638916 0.35790408525754885 0.025075225677031094 0.05150976909413855
0 0.7402206619859579 0.36500888099467144 0.03610832497492478 0.06216696269982238
0 0.6785356068204614 0.3374777975133215 0.023069207622868605 0.056838365896980464
0 0.5877632898696088 0.27175843694493784 0.020060180541624874 0.035523978685612786
0 0.7843530591775326 0.26376554174067496 0.02407221664994985 0.04085257548845471
0 0.8104312938816449 0.24511545293072826 0.014042126379137413 0.03197158081705151
0 0.8445336008024072 0.2975133214920071 0.01805416248746239 0.047957371225577264
0 0.9237713139418254 0.2797513321492007 0.0160481444332999 0.026642984014209593
0 0.9388164493480441 0.20959147424511546 0.010030090270812437 0.03197158081705151
0 0.8796389167502507 0.238898756660746 0.0160481444332999 0.03019538188277087
0 0.8410230692076228 0.216696269982238 0.02106318956870612 0.04262877442273535
0 0.7908726178535607 0.19982238010657194 0.017051153460381142 0.03730017761989343
0 0.771815446339017 0.19360568383658971 0.023069207622868605 0.05328596802841919
0 0.6654964894684052 0.21047957371225579 0.015045135406218655 0.04440497335701599
0 0.5165496489468405 0.2699822380106572 0.022066198595787363 0.03907637655417407
0 0.5536609829488466 0.17140319715808172 0.012036108324974926 0.03019538188277087
0 0.7261785356068204 0.14031971580817051 0.014042126379137413 0.024866785079928955
0 0.7527582748244734 0.12433392539964476 0.011033099297893681 0.028419182948490232
0 0.44383149448345033 0.21047957371225579 0.015045135406218655 0.03019538188277087
0 0.31544633901705116 0.22824156305506219 0.015045135406218655 0.03374777975133215
0 0.49247743229689067 0.23179396092362345 0.02407221664994985 0.04440497335701599
