0 0.5573394495412844 0.19887278582930756 0.02110091743119266 0.043478260869565216
0 0.5440366972477064 0.31239935587761675 0.01834862385321101 0.05475040257648953
0 0.25412844036697246 0.3864734299516908 0.022018348623853212 0.07085346215780998
0 0.6720183486238532 0.322061191626409 0.02110091743119266 0.04186795491143317
0 0.8302752293577982 0.3864734299516908 0.01651376146788991 0.05152979066022544
0 0.8977064220183487 0.43156199677938806 0.03211009174311927 0.04830917874396135
0 0.7729357798165138 0.24074074074074073 0.01926605504587156 0.040257648953301126
0 0.7298165137614679 0.27375201288244766 0.01743119266055046 0.03864734299516908
0 0.7463302752293578 0.21336553945249598 0.013761467889908258 0.024154589371980676
0 0.7192660550458716 0.21578099838969403 0.022018348623853212 0.03864734299516908
0 0.6784403669724771 0.21336553945249598 0.01743119266055046 0.040257648953301126
0 0.6321100917431193 0.2028985507246377 0.014678899082568808 0.0322061191626409
