0 0.8077229299363058 0.23103932584269662 0.015127388535031847 0.043539325842696625
0 0.8877388535031847 0.1973314606741573 0.014331210191082803 0.03792134831460674
0 0.7129777070063694 0.2731741573033708 0.015127388535031847 0.0351123595505618
0 0.748407643312102 0.22542134831460672 0.01751592356687898 0.03230337078651685
0 0.7066082802547771 0.22050561797752807 0.013535031847133758 0.03651685393258427
0 0.8029458598726115 0.136938202247191 0.01194267515923567 0.04073033707865169
0 0.6453025477707006 0.27457865168539325 0.016719745222929936 0.02949438202247191
0 0.6544585987261147 0.21418539325842695 0.01592356687898089 0.026685393258426966
0 0.596735668789809 0.25070224719101125 0.01035031847133758 0.02949438202247191
0 0.5752388535031847 0.2401685393258427 0.016719745222929936 0.03089887640449438
0 0.4960191082802548 0.2907303370786517 0.01751592356687898 0.033707865168539325
0 0.5214968152866243 0.20997191011235955 0.019108280254777073 0.03792134831460674
