0 0.660377358490566 0.274822695035461 0.019860973187686197 0.0425531914893617
0 0.8416087388282025 0.30230496453900707 0.012909632571996028 0.044326241134751775
0 0.8877855014895729 0.3351063829787234 0.023833167825223434 0.04609929078014184
0 0.9394240317775571 0.2703900709219858 0.007944389275074478 0.03723404255319149
0 0.8579940417080437 0.2641843971631206 0.021847070506454815 0.03900709219858156
0 0.9116186693147964 0.2836879432624113 0.025819265143992055 0.05319148936170213
0 0.7229394240317776 0.28812056737588654 0.023833167825223434 0.051418439716312055
0 0.7601787487586892 0.26595744680851063 0.012909632571996028 0.04609929078014184
0 0.7830188679245282 0.22163120567375885 0.014895729890764648 0.024822695035460994
0 0.7914597815292949 0.15868794326241134 0.011916583912611717 0.03723404255319149
0 0.8381330685203575 0.19237588652482268 0.015888778550148957 0.044326241134751775
0 0.628599801390268 0.26595744680851063 0.017874875868917575 0.03900709219858156
0 0.5680238331678252 0.28191489361702127 0.017874875868917575 0.035460992907801414
0 0.4106256206554121 0.274822695035461 0.014895729890764648 0.035460992907801414
0 0.2070506454816286 0.3519503546099291 0.0407149950347567 0.06205673758865248
