0 0.45154884829229547 0.41131284916201116 0.019857029388403495 0.046089385474860335
0 0.5325655281969817 0.4092178770949721 0.019857029388403495 0.04189944134078213
0 0.6012708498808578 0.41899441340782123 0.019062748212867353 0.0558659217877095
0 0.6628276409849087 0.4399441340782123 0.024622716441620333 0.06983240223463687
0 0.6926131850675139 0.4720670391061453 0.020651310563939634 0.07541899441340782
0 0.801826846703733 0.49720670391061456 0.02621127879269261 0.06424581005586592
0 0.8212867355043685 0.4308659217877095 0.017474185861795076 0.040502793296089384
0 0.8852263701350277 0.4643854748603352 0.016679904686258934 0.048882681564245814
0 0.8776806989674344 0.39664804469273746 0.015885623510722795 0.03910614525139665
0 0.8399523431294678 0.37290502793296093 0.021445591739475772 0.04189944134078213
0 0.7926926131850675 0.36243016759776536 0.015885623510722795 0.040502793296089384
0 0.7692613185067514 0.4085195530726257 0.03097696584590945 0.06284916201117319
0 0.7077045274027005 0.3987430167597765 0.017474185861795076 0.054469273743016765
0 0.67077045274027 0.3470670391061453 0.021445591739475772 0.034916201117318434
0 0.6429706115965051 0.36941340782122906 0.015091342335186655 0.05726256983240224
0 0.5957108816521048 0.3526536312849162 0.015885623510722795 0.03212290502793296
0 0.5246227164416203 0.34916201117318435 0.024622716441620333 0.05307262569832402
0 0.4459888800635425 0.3303072625698324 0.016679904686258934 0.040502793296089384
0 0.3252581413820492 0.3442737430167598 0.018268467037331215 0.04329608938547486
0 0.7235901509134233 0.2541899441340782 0.014297061159650515 0.036312849162011177
0 0.7505957108816521 0.2779329608938548 0.012708498808578236 0.0446927374301676
0 0.818109610802224 0.3009776536312849 0.017474185861795076 0.029329608938547486
0 0.9118347895154885 0.3442737430167598 0.011119936457505957 0.034916201117318434
0 0.03097696584590945 0.4224860335195531 0.027005559968228753 0.048882681564245814
