0 0.9494569757727652 0.3553956834532374 0.015873015873015872 0.03741007194244604
0 0.9206349206349206 0.4733812949640288 0.020050125313283207 0.05755395683453238
0 0.9385964912280701 0.4 0.020885547201336674 0.051798561151079135
0 0.8842940685045948 0.35683453237410073 0.022556390977443608 0.03741007194244604
0 0.894736842105263 0.320863309352518 0.013366750208855471 0.02302158273381295
0 0.8358395989974937 0.302158273381295 0.009189640768588136 0.025899280575539568
0 0.8053467000835421 0.4071942446043166 0.020050125313283207 0.04316546762589928
0 0.8538011695906432 0.5129496402877698 0.02172096908939014 0.053237410071942444
0 0.7155388471177945 0.5079136690647482 0.02756892230576441 0.06330935251798561
0 0.7105263157894737 0.35035971223021584 0.02422723475355054 0.041726618705035974
0 0.6240601503759398 0.439568345323741 0.023391812865497075 0.06474820143884892
0 0.6791979949874687 0.460431654676259 0.02172096908939014 0.0460431654676259
0 0.6779448621553884 0.37553956834532376 0.01921470342522974 0.04892086330935252
0 0.5576441102756892 0.4050359712230216 0.022556390977443608 0.04460431654676259
0 0.5154553049289892 0.39568345323741005 0.020050125313283207 0.0460431654676259
0 0.7322472848788638 0.28345323741007195 0.012531328320802004 0.034532374100719423
0 0.7869674185463659 0.2870503597122302 0.013366750208855471 0.033093525179856115
0 0.894736842105263 0.24964028776978417 0.013366750208855471 0.02446043165467626
0 0.4565580618212197 0.34532374100719426 0.017543859649122806 0.02877697841726619
0 0.5693400167084377 0.28776978417266186 0.012531328320802004 0.02877697841726619
0 0.5112781954887218 0.26115107913669067 0.010025062656641603 0.01870503597122302
0 0.42314118629908104 0.2971223021582734 0.017543859649122806 0.02733812949640288
0 0.42314118629908104 0.34172661870503596 0.017543859649122806 0.03597122302158273
0 0.3533834586466165 0.37122302158273385 0.02172096908939014 0.03741007194244604
0 0.2698412698412698 0.35035971223021584 0.020050125313283207 0.03884892086330936
0 0.017543859649122806 0.42949640287769786 0.020050125313283207 0.03884892086330936
