1 0.5534188034188035 0.3523148148148148 0.046153846153846156 0.10648148148148148
1 0.4824786324786325 0.36064814814814816 0.03418803418803419 0.08796296296296297
1 0.4361111111111111 0.33796296296296297 0.026923076923076925 0.08703703703703704
1 0.5299145299145299 0.3791666666666667 0.022222222222222223 0.06759259259259259
1 0.7412393162393163 0.3509259259259259 0.027777777777777776 0.07592592592592592
1 0.7771367521367522 0.32916666666666666 0.02863247863247863 0.08981481481481482
1 0.79508547008547 0.3851851851851852 0.03461538461538462 0.09074074074074075
1 0.8211538461538461 0.33287037037037037 0.02863247863247863 0.08796296296296297
1 0.8920940170940171 0.3787037037037037 0.04829059829059829 0.15925925925925927
1 0.8666666666666667 0.4013888888888889 0.03333333333333333 0.13055555555555556
1 0.3506410256410256 0.35694444444444445 0.026923076923076925 0.075
1 0.31517094017094016 0.3425925925925926 0.029487179487179487 0.08333333333333334
1 0.21901709401709402 0.35324074074074074 0.04658119658119658 0.11388888888888889
1 0.15427350427350428 0.3712962962962963 0.04786324786324786 0.1277777777777778
