0 0.7741312741312741 0.3024054982817869 0.019305019305019305 0.044673539518900345
0 0.8851351351351352 0.25687285223367695 0.019305019305019305 0.03951890034364261
0 0.7972972972972974 0.18556701030927836 0.021235521235521235 0.037800687285223365
0 0.847972972972973 0.18041237113402062 0.01833976833976834 0.03436426116838488
0 0.821911196911197 0.24742268041237114 0.01640926640926641 0.037800687285223365
0 0.6805019305019305 0.3230240549828179 0.02316602316602317 0.05154639175257732
0 0.7244208494208494 0.2654639175257732 0.027992277992277992 0.03951890034364261
0 0.7031853281853282 0.22852233676975944 0.01447876447876448 0.03436426116838488
0 0.6597490347490348 0.21305841924398625 0.02027027027027027 0.037800687285223365
0 0.6066602316602316 0.26288659793814434 0.0222007722007722 0.041237113402061855
0 0.5019305019305019 0.3015463917525773 0.02895752895752896 0.05326460481099656
0 0.48214285714285715 0.21735395189003437 0.01640926640926641 0.0429553264604811
0 0.6558880308880309 0.16580756013745704 0.01833976833976834 0.029209621993127148
0 0.6201737451737452 0.2027491408934708 0.01254826254826255 0.037800687285223365
0 0.41795366795366795 0.2852233676975945 0.02316602316602317 0.044673539518900345
0 0.20511583011583012 0.4115120274914089 0.029922779922779922 0.06701030927835051
0 0.3807915057915058 0.2697594501718213 0.02027027027027027 0.041237113402061855
