0 0.61 0.7604422604422604 0.09333333333333334 0.19901719901719903
0 0.6325000000000001 0.542997542997543 0.021666666666666667 0.03931203931203931
0 0.6900000000000001 0.5 0.013333333333333334 0.036855036855036855
0 0.7150000000000001 0.5638820638820639 0.030000000000000002 0.07125307125307125
0 0.3191666666666667 0.48280098280098277 0.021666666666666667 0.04176904176904177
0 0.23833333333333334 0.4975429975429975 0.03333333333333333 0.05651105651105651
0 0.24666666666666667 0.5773955773955773 0.05 0.07371007371007371
0 0.055 0.5196560196560196 0.05 0.08108108108108109
0 0.9575 0.5405405405405406 0.03166666666666667 0.05405405405405405
0 0.8816666666666667 0.5528255528255528 0.02666666666666667 0.0343980343980344
0 0.9708333333333334 0.6203931203931203 0.04833333333333334 0.10073710073710074
0 0.8141666666666667 0.5491400491400491 0.03166666666666667 0.03194103194103194
0 0.7625000000000001 0.5098280098280098 0.021666666666666667 0.03194103194103194
0 0.5633333333333334 0.5687960687960688 0.023333333333333334 0.06142506142506143
0 0.4941666666666667 0.5638820638820639 0.03833333333333334 0.05651105651105651
0 0.45083333333333336 0.5257985257985258 0.03166666666666667 0.044226044226044224
0 0.38 0.6805896805896806 0.09666666666666668 0.12285012285012285
