0 0.10625000000000001 0.1858736059479554 0.0325 0.05947955390334572
0 0.22083333333333335 0.177819083023544 0.03166666666666667 0.05080545229244114
0 0.3141666666666667 0.15303593556381662 0.035 0.048327137546468404
0 0.41208333333333336 0.16728624535315986 0.0275 0.04956629491945477
0 0.49833333333333335 0.14993804213135067 0.02666666666666667 0.05204460966542751
0 0.5008333333333334 0.14622057001239158 0.030000000000000002 0.05204460966542751
0 0.54 0.23234200743494424 0.035 0.07558859975216853
0 0.6637500000000001 0.2137546468401487 0.02416666666666667 0.0607187112763321
0 0.7245833333333334 0.35192069392812886 0.0475 0.08178438661710037
0 0.8108333333333334 0.33767038413878564 0.11166666666666668 0.27633209417596033
0 0.4804166666666667 0.35811648079306074 0.0575 0.08674101610904585
0 0.28625 0.4200743494423792 0.05916666666666667 0.1090458488228005
0 0.36791666666666667 0.24225526641883519 0.03916666666666667 0.06319702602230483
0 0.2541666666666667 0.2695167286245353 0.03333333333333333 0.07063197026022305
0 0.11833333333333335 0.28934324659231725 0.04833333333333334 0.06567534076827757
0 0.03416666666666667 0.5018587360594795 0.065 0.18339529120198264
