0 0.8469650205761318 0.3937114197530864 0.05864197530864198 0.1091820987654321
0 0.6472479423868314 0.4733796296296296 0.014146090534979425 0.034722222222222224
0 0.635030864197531 0.486304012345679 0.0154320987654321 0.0320216049382716
0 0.5904063786008231 0.49266975308641975 0.018775720164609055 0.030864197530864196
0 0.5904063786008231 0.4448302469135802 0.016203703703703706 0.03780864197530864
0 0.5627572016460906 0.519483024691358 0.02623456790123457 0.03665123456790123
0 0.5376800411522634 0.46932870370370366 0.018775720164609055 0.03665123456790123
0 0.5207047325102881 0.4847608024691358 0.016718106995884774 0.02507716049382716
0 0.5068158436213992 0.44521604938271603 0.014660493827160495 0.034722222222222224
0 0.4823816872427984 0.47820216049382713 0.016203703703703706 0.03279320987654321
0 0.4618055555555556 0.48302469135802467 0.018775720164609055 0.030864197530864196
0 0.43775720164609055 0.43383487654320985 0.0154320987654321 0.028935185185185182
0 0.4158950617283951 0.46161265432098764 0.020576131687242802 0.03279320987654321
0 0.38361625514403297 0.4577546296296296 0.019290123456790126 0.03665123456790123
0 0.33937757201646096 0.46084104938271603 0.016718106995884774 0.03665123456790123
0 0.2984825102880659 0.44926697530864196 0.021347736625514407 0.03279320987654321
0 0.23289609053497945 0.40239197530864196 0.016203703703703706 0.031635802469135804
0 0.08397633744855967 0.3792438271604938 0.016718106995884774 0.031635802469135804
0 0.10879629629629631 0.39891975308641975 0.01491769547325103 0.023148148148148147
0 0.04732510288065844 0.36959876543209874 0.0154320987654321 0.033950617283950615
0 0.2804783950617284 0.5081018518518519 0.023919753086419755 0.05401234567901234
0 0.21553497942386834 0.5032793209876543 0.04578189300411523 0.05979938271604938
0 0.1476337448559671 0.46759259259259256 0.0308641975308642 0.042438271604938266
0 0.05568415637860083 0.4708719135802469 0.03986625514403293 0.05285493827160494
0 0.02520576131687243 0.5476466049382716 0.04681069958847737 0.08680555555555555
0 0.14158950617283952 0.6691743827160493 0.05581275720164609 0.10223765432098765
0 0.18055555555555558 0.5871913580246914 0.041152263374485604 0.09259259259259259
0 0.27019032921810704 0.6030092592592592 0.05581275720164609 0.09953703703703703
0 0.36625514403292186 0.5480324074074073 0.03858024691358025 0.08989197530864197
0 0.4467592592592593 0.5470679012345678 0.0360082304526749 0.07021604938271604
0 0.5228909465020577 0.5634645061728395 0.04578189300411523 0.06828703703703703
0 0.6260288065843622 0.5499614197530864 0.03858024691358025 0.06442901234567901
0 0.5657150205761318 0.6390817901234568 0.04758230452674898 0.0790895061728395
0 0.505272633744856 0.6882716049382716 0.05787037037037038 0.10802469135802469
0 0.41139403292181076 0.7341820987654321 0.08101851851851853 0.13580246913580246
0 0.24318415637860086 0.8946759259259259 0.1175411522633745 0.16203703703703703
