0 0.31205357142857143 0.39528795811518325 0.020535714285714286 0.041884816753926704
0 0.91875 0.48298429319371733 0.04821428571428571 0.06282722513089006
0 0.8290178571428571 0.5111256544502618 0.045535714285714284 0.08507853403141362
0 0.7321428571428571 0.45157068062827227 0.02857142857142857 0.044502617801047126
0 0.7049107142857143 0.481020942408377 0.02589285714285714 0.05628272251308901
0 0.6473214285714286 0.4502617801047121 0.02142857142857143 0.04973821989528796
0 0.6776785714285714 0.5418848167539267 0.030357142857142857 0.06544502617801047
0 0.6133928571428571 0.4790575916230367 0.04285714285714286 0.07068062827225131
0 0.571875 0.4541884816753927 0.027678571428571427 0.05759162303664922
0 0.5455357142857142 0.5294502617801048 0.04642857142857143 0.10340314136125656
0 0.5236607142857143 0.43520942408376967 0.029464285714285714 0.04842931937172775
0 0.47410714285714284 0.48756544502617805 0.04285714285714286 0.06675392670157068
0 0.3620535714285714 0.4803664921465969 0.03482142857142857 0.07068062827225131
0 0.2330357142857143 0.5981675392670157 0.06428571428571428 0.07591623036649216
0 0.23928571428571427 0.4856020942408377 0.04107142857142857 0.04712041884816754
0 0.284375 0.4325916230366492 0.020535714285714286 0.032722513089005235
0 0.203125 0.40903141361256545 0.024107142857142855 0.032722513089005235
0 0.09553571428571428 0.45287958115183247 0.02857142857142857 0.060209424083769635
0 0.05982142857142857 0.5163612565445026 0.05714285714285714 0.10078534031413613
0 0.017410714285714286 0.41950261780104714 0.02589285714285714 0.05366492146596859
