0 0.17322097378277154 0.48812500000000003 0.056179775280898875 0.08125
0 0.12312734082397003 0.38 0.03464419475655431 0.0625
0 0.1853932584269663 0.37 0.03745318352059925 0.0525
0 0.2851123595505618 0.42375 0.047752808988764044 0.075
0 0.44569288389513106 0.320625 0.02059925093632959 0.03625
0 0.5028089887640449 0.42 0.04119850187265918 0.0525
0 0.3993445692883895 0.4375 0.04588014981273408 0.0775
0 0.6334269662921348 0.5475 0.07771535580524344 0.1575
0 0.8211610486891386 0.505625 0.054307116104868915 0.10625
0 0.8960674157303371 0.4175 0.0449438202247191 0.075
0 0.825374531835206 0.373125 0.038389513108614236 0.05625
0 0.7504681647940075 0.42812500000000003 0.047752808988764044 0.08625000000000001
0 0.6189138576779026 0.36312500000000003 0.03745318352059925 0.05375
0 0.6877340823970037 0.320625 0.019662921348314606 0.05375
0 0.6615168539325843 0.351875 0.03651685393258427 0.04875
0 0.3403558052434457 0.566875 0.07209737827715355 0.09375
0 0.05196629213483146 0.4825 0.05149812734082397 0.07
0 0.02902621722846442 0.383125 0.0299625468164794 0.04625
