0 0.37646484375 0.5659824046920822 0.0478515625 0.07331378299120235
0 0.47802734375 0.5249266862170088 0.0517578125 0.08211143695014662
0 0.619140625 0.49193548387096775 0.041015625 0.08651026392961877
0 0.83349609375 0.5161290322580645 0.0283203125 0.07331378299120235
0 0.8369140625 0.6136363636363636 0.052734375 0.09530791788856305
0 0.89111328125 0.8709677419354839 0.1044921875 0.18181818181818182
0 0.81201171875 0.7155425219941349 0.0576171875 0.1495601173020528
0 0.56787109375 0.6378299120234604 0.0556640625 0.0967741935483871
0 0.4267578125 0.6722873900293255 0.0625 0.1187683284457478
0 0.51806640625 0.7939882697947214 0.0751953125 0.13929618768328444
0 0.62109375 0.9340175953079178 0.123046875 0.13196480938416422
