0 0.756 0.52725 0.02 0.0305
0 0.6036666666666667 0.53825 0.017333333333333333 0.029500000000000002
0 0.6403333333333333 0.532 0.014 0.033
0 0.6866666666666666 0.5387500000000001 0.018 0.0325
0 0.7839999999999999 0.5325 0.022 0.024
0 0.9106666666666666 0.55425 0.013333333333333332 0.0385
0 0.40449999999999997 0.63725 0.034333333333333334 0.0665
0 0.5445 0.52725 0.011 0.0135
0 0.5773333333333334 0.51175 0.017333333333333333 0.0325
0 0.5048333333333334 0.523 0.015 0.02
0 0.473 0.51575 0.014 0.0195
0 0.4205 0.5095000000000001 0.015666666666666666 0.028
0 0.376 0.50125 0.010666666666666666 0.0305
0 0.308 0.5175 0.018666666666666665 0.033
0 0.283 0.51325 0.017333333333333333 0.0335
0 0.22316666666666665 0.5185 0.023 0.042
0 0.108 0.5357500000000001 0.021333333333333333 0.0365
0 0.05983333333333333 0.55475 0.024999999999999998 0.0375
0 0.15833333333333333 0.5335 0.016666666666666666 0.026000000000000002
0 0.19516666666666665 0.5337500000000001 0.028999999999999998 0.0405
0 0.07683333333333334 0.6955 0.07433333333333333 0.094
