0 0.9527272727272728 0.19618528610354222 0.05090909090909091 0.10899182561307902
0 0.8836363636363637 0.08583106267029972 0.05090909090909091 0.10626702997275204
0 0.7936363636363636 0.1989100817438692 0.056363636363636366 0.10899182561307902
0 0.9281818181818182 0.47002724795640327 0.038181818181818185 0.14986376021798364
0 0.8218181818181818 0.6212534059945504 0.06909090909090909 0.16348773841961853
0 0.82 0.9141689373297003 0.08363636363636363 0.17166212534059944
0 0.7927272727272727 0.4604904632152588 0.06181818181818182 0.11989100817438691
0 0.76 0.3079019073569482 0.06181818181818182 0.13623978201634876
0 0.7027272727272728 0.0994550408719346 0.045454545454545456 0.07356948228882834
0 0.6054545454545455 0.15803814713896458 0.05818181818181818 0.10354223433242507
0 0.5818181818181818 0.2438692098092643 0.05090909090909091 0.10081743869209808
0 0.5018181818181818 0.45095367847411444 0.06909090909090909 0.1553133514986376
0 0.6063636363636363 0.7643051771117166 0.12545454545454546 0.220708446866485
0 0.5145454545454545 0.06267029972752043 0.05090909090909091 0.09264305177111716
0 0.48545454545454547 0.15803814713896458 0.05818181818181818 0.08719346049046321
0 0.42727272727272725 0.21389645776566757 0.06181818181818182 0.12261580381471389
0 0.3281818181818182 0.31471389645776565 0.06727272727272728 0.14986376021798364
0 0.3609090909090909 0.7615803814713896 0.09272727272727273 0.1880108991825613
0 0.1890909090909091 0.5640326975476839 0.08 0.16893732970027248
0 0.17909090909090908 0.2547683923705722 0.06727272727272728 0.12806539509536785
0 0.24909090909090909 0.20435967302452315 0.04727272727272727 0.11444141689373297
0 0.28454545454545455 0.09400544959128065 0.045454545454545456 0.10081743869209808
0 0.19090909090909092 0.08719346049046321 0.05090909090909091 0.12534059945504086
0 0.12545454545454546 0.1784741144414169 0.04727272727272727 0.09536784741144413
0 0.056363636363636366 0.25749318801089915 0.06545454545454546 0.1335149863760218
0 0.017272727272727273 0.15940054495912806 0.03090909090909091 0.10626702997275204
0 0.034545454545454546 0.9019073569482289 0.06545454545454546 0.18528610354223432
