0 0.06832107843137254 0.5546195652173913 0.041666666666666664 0.09945652173913043
0 0.671875 0.5421195652173914 0.0196078431372549 0.042934782608695654
0 0.7234987745098039 0.5255434782608696 0.026041666666666668 0.04891304347826087
0 0.9018075980392156 0.5168478260869566 0.016237745098039217 0.01956521739130435
0 0.6939338235294118 0.47690217391304346 0.00980392156862745 0.03206521739130435
0 0.5643382352941176 0.5152173913043478 0.0196078431372549 0.034782608695652174
0 0.6104473039215687 0.5195652173913043 0.015012254901960785 0.03260869565217391
0 0.6135110294117647 0.4763586956521739 0.015012254901960785 0.024456521739130436
0 0.49463848039215685 0.42581521739130435 0.014399509803921568 0.027717391304347826
0 0.522671568627451 0.5095108695652174 0.0196078431372549 0.04619565217391305
0 0.5289522058823529 0.4752717391304348 0.017463235294117647 0.045108695652173916
0 0.49050245098039214 0.5114130434782609 0.02144607843137255 0.05326086956521739
0 0.375 0.4733695652173913 0.029411764705882353 0.04891304347826087
0 0.4108455882352941 0.47798913043478264 0.02022058823529412 0.0483695652173913
0 0.4018075980392157 0.4296195652173913 0.016237745098039217 0.029891304347826088
0 0.2587316176470588 0.42581521739130435 0.01685049019607843 0.04619565217391305
0 0.3336397058823529 0.4902173913043478 0.027573529411764705 0.052173913043478265
0 0.16161151960784315 0.5763586956521739 0.0272671568627451 0.07445652173913044
0 0.23223039215686275 0.4301630434782609 0.02022058823529412 0.04076086956521739
0 0.18504901960784315 0.39375 0.01715686274509804 0.04184782608695652
0 0.1096813725490196 0.5046195652173913 0.029411764705882353 0.06467391304347826
0 0.01685049019607843 0.49375 0.027573529411764705 0.05706521739130435
0 0.06541053921568628 0.4532608695652174 0.035845588235294115 0.058695652173913045
0 0.1292892156862745 0.36820652173913043 0.02022058823529412 0.03206521739130435
0 0.1605392156862745 0.38722826086956524 0.013480392156862746 0.049456521739130434
