0 0.11433333333333333 0.39337016574585637 0.04466666666666667 0.10607734806629834
0 0.5946666666666667 0.3712707182320442 0.012 0.030939226519337018
0 0.6173333333333333 0.37016574585635365 0.016 0.041988950276243095
0 0.6956666666666667 0.43204419889502765 0.028666666666666667 0.03756906077348066
0 0.5413333333333333 0.381767955801105 0.016 0.04751381215469613
0 0.5696666666666667 0.38839779005524866 0.02333333333333333 0.04751381215469613
0 0.5156666666666666 0.3845303867403315 0.022 0.05303867403314917
0 0.5529999999999999 0.3187845303867404 0.011333333333333332 0.029834254143646412
0 0.5326666666666666 0.31491712707182323 0.012 0.028729281767955802
0 0.5143333333333333 0.3276243093922652 0.015333333333333332 0.038674033149171276
0 0.4623333333333333 0.31602209944751386 0.019333333333333334 0.04640883977900553
0 0.49133333333333334 0.31491712707182323 0.022666666666666665 0.044198895027624314
0 0.42166666666666663 0.30165745856353593 0.026 0.044198895027624314
0 0.3883333333333333 0.27845303867403315 0.014 0.03314917127071824
0 0.382 0.23425414364640887 0.014666666666666666 0.03314917127071824
0 0.36166666666666664 0.2668508287292818 0.019333333333333334 0.036464088397790057
0 0.3173333333333333 0.24861878453038677 0.016 0.05082872928176796
0 0.2786666666666667 0.22265193370165748 0.017333333333333333 0.04088397790055249
0 0.41766666666666663 0.3988950276243094 0.03133333333333333 0.08618784530386742
0 0.356 0.4121546961325967 0.030666666666666665 0.059668508287292824
0 0.26866666666666666 0.3922651933701658 0.04666666666666666 0.09281767955801105
0 0.288 0.3011049723756906 0.036 0.056353591160221
0 0.24366666666666667 0.2961325966850829 0.03266666666666666 0.057458563535911604
0 0.161 0.2950276243093923 0.033999999999999996 0.06408839779005525
0 0.17633333333333331 0.40110497237569065 0.041999999999999996 0.09281767955801105
0 0.18966666666666665 0.2408839779005525 0.02733333333333333 0.07734806629834255
0 0.14366666666666666 0.19171270718232045 0.02733333333333333 0.04972375690607735
0 0.054 0.2729281767955801 0.04533333333333333 0.0994475138121547
0 0.08866666666666666 0.18011049723756908 0.04 0.07292817679558011
0 0.04 0.19392265193370167 0.036 0.054143646408839785
