0 0.497008547008547 0.3175925925925926 0.02393162393162393 0.053703703703703705
1 0.4948717948717949 0.41712962962962963 0.01282051282051282 0.032407407407407406
1 0.7388888888888889 0.5106481481481482 0.022222222222222223 0.049074074074074076
1 0.844017094017094 0.4518518518518519 0.02393162393162393 0.037037037037037035
1 0.6423076923076924 0.4467592592592593 0.017948717948717947 0.05092592592592593
1 0.2794871794871795 0.5032407407407408 0.03333333333333333 0.05092592592592593
1 0.3297008547008547 0.4828703703703704 0.019230769230769232 0.05462962962962963
1 0.22735042735042735 0.5449074074074074 0.029914529914529916 0.08425925925925926
1 0.13397435897435897 0.4671296296296297 0.023504273504273504 0.06018518518518519
1 0.19764957264957264 0.4518518518518519 0.016666666666666666 0.024074074074074074
1 0.23162393162393163 0.4300925925925926 0.013675213675213675 0.04537037037037037
1 0.29957264957264956 0.4189814814814815 0.008547008547008548 0.019444444444444445
1 0.6876068376068376 0.4861111111111111 0.019658119658119658 0.05
1 0.7972222222222223 0.4356481481481482 0.023504273504273504 0.04166666666666667
