1 0.1047008547008547 0.4152777777777778 0.02393162393162393 0.0638888888888889
1 0.2153846153846154 0.4287037037037037 0.039316239316239315 0.12592592592592594
1 0.29252136752136754 0.41203703703703703 0.01752136752136752 0.05925925925925926
1 0.363034188034188 0.4587962962962963 0.0405982905982906 0.09351851851851853
1 0.4232905982905983 0.36203703703703705 0.020085470085470087 0.05555555555555556
1 0.4683760683760684 0.425 0.02393162393162393 0.09074074074074075
1 0.5467948717948717 0.42083333333333334 0.03290598290598291 0.07685185185185185
1 0.5965811965811966 0.41111111111111115 0.021367521367521368 0.07407407407407407
1 0.7061965811965812 0.3893518518518519 0.027777777777777776 0.0787037037037037
1 0.8408119658119658 0.3712962962962963 0.026923076923076925 0.09814814814814815
