0 0.4980769230769231 0.3162037037037037 0.021794871794871794 0.036111111111111115
1 0.27905982905982907 0.5078703703703704 0.02564102564102564 0.06018518518518519
1 0.22286324786324788 0.5486111111111112 0.03888888888888889 0.09722222222222222
1 0.13333333333333333 0.46342592592592596 0.02735042735042735 0.05462962962962963
1 0.19594017094017094 0.4513888888888889 0.03290598290598291 0.062037037037037036
1 0.23183760683760685 0.43472222222222223 0.02435897435897436 0.049074074074074076
1 0.2985042735042735 0.4203703703703704 0.013247863247863248 0.022222222222222223
1 0.3581196581196581 0.47175925925925927 0.015384615384615385 0.049074074074074076
1 0.3269230769230769 0.47314814814814815 0.029914529914529916 0.05185185185185186
1 0.6388888888888888 0.43842592592592594 0.01623931623931624 0.04722222222222222
1 0.5950854700854701 0.42962962962962964 0.00811965811965812 0.024074074074074074
1 0.7418803418803419 0.5037037037037038 0.02393162393162393 0.06666666666666667
1 0.686965811965812 0.46944444444444444 0.019230769230769232 0.05
1 0.8461538461538461 0.4416666666666667 0.018803418803418803 0.03518518518518519
1 0.7991452991452992 0.4361111111111111 0.024786324786324785 0.0462962962962963
