1 0.4831196581196581 0.4310185185185185 0.031196581196581197 0.06944444444444445
1 0.5959401709401709 0.4601851851851852 0.03547008547008547 0.08518518518518518
1 0.7194444444444444 0.5111111111111112 0.03290598290598291 0.08518518518518518
1 0.42243589743589743 0.5393518518518519 0.051709401709401706 0.13055555555555556
1 0.4042735042735043 0.4222222222222222 0.03418803418803419 0.06666666666666667
1 0.3683760683760684 0.39351851851851855 0.017948717948717947 0.044444444444444446
1 0.3472222222222222 0.39814814814814814 0.014957264957264958 0.03333333333333333
1 0.3262820512820513 0.41250000000000003 0.02606837606837607 0.06018518518518519
1 0.2709401709401709 0.3842592592592593 0.020512820512820513 0.04259259259259259
1 0.23846153846153847 0.39583333333333337 0.021367521367521368 0.03425925925925926
1 0.19914529914529913 0.40231481481481485 0.021367521367521368 0.03981481481481482
1 0.15897435897435896 0.4050925925925926 0.017948717948717947 0.04166666666666667
1 0.13568376068376067 0.4708333333333333 0.03717948717948718 0.08425925925925926
1 0.23632478632478632 0.45740740740740743 0.040170940170940174 0.09444444444444444
1 0.29252136752136754 0.4828703703703704 0.04658119658119658 0.1212962962962963
1 0.8305555555555556 0.5893518518518519 0.06282051282051282 0.15462962962962964
1 0.11260683760683761 0.40370370370370373 0.014102564102564103 0.044444444444444446
