0 0.9070312500000001 0.44140625 0.0328125 0.06510416666666666
0 0.8226562500000001 0.49609375 0.0421875 0.05989583333333333
0 0.7203125 0.5182291666666666 0.034375 0.0625
0 0.63046875 0.5013020833333333 0.029687500000000002 0.06510416666666666
0 0.55 0.48046875 0.037500000000000006 0.05989583333333333
0 0.48125 0.4934895833333333 0.037500000000000006 0.0546875
0 0.40703125 0.4921875 0.029687500000000002 0.0625
0 0.31640625 0.4856770833333333 0.029687500000000002 0.0703125
0 0.2328125 0.4765625 0.028125 0.0625
0 0.15234375 0.49479166666666663 0.0328125 0.0625
0 0.07968750000000001 0.4973958333333333 0.03125 0.0625
