1 0.14375000000000002 0.40708333333333335 0.04125 0.06583333333333334
0 0.22375 0.41750000000000004 0.03 0.05666666666666667
1 0.295625 0.4141666666666667 0.0275 0.05166666666666667
1 0.35000000000000003 0.4345833333333334 0.03375 0.06916666666666667
1 0.4375 0.39125000000000004 0.02875 0.08583333333333334
1 0.5228125 0.38208333333333333 0.031875 0.0675
1 0.605 0.42833333333333334 0.03875 0.065
1 0.7078125000000001 0.42250000000000004 0.030625 0.07166666666666667
1 0.798125 0.4475 0.04625 0.055
1 0.8946875 0.37583333333333335 0.053125 0.1
