1 0.088125 0.36458333333333337 0.03875 0.05416666666666667
1 0.1509375 0.4008333333333334 0.035625000000000004 0.05166666666666667
1 0.233125 0.3691666666666667 0.03375 0.04166666666666667
1 0.3228125 0.37125 0.033125 0.052500000000000005
1 0.395625 0.39125000000000004 0.03625 0.050833333333333335
1 0.460625 0.37125 0.04125 0.06416666666666668
1 0.5490625 0.3879166666666667 0.031875 0.05416666666666667
1 0.61 0.39 0.0375 0.04
1 0.7156250000000001 0.385 0.03375 0.05166666666666667
1 0.7928125 0.37041666666666667 0.044375 0.060833333333333336
1 0.8703125 0.37083333333333335 0.041875 0.06166666666666667
1 0.7125 0.5208333333333334 0.03875 0.05666666666666667
1 0.6425 0.5304166666666666 0.0325 0.05416666666666667
1 0.546875 0.5141666666666667 0.043750000000000004 0.08
1 0.44 0.5225000000000001 0.03 0.06833333333333334
1 0.3525 0.5504166666666667 0.0325 0.0575
1 0.236875 0.5258333333333334 0.04625 0.05666666666666667
1 0.10187500000000001 0.5166666666666667 0.03875 0.05
