1 0.056671626984126984 0.28505291005291006 0.0652281746031746 0.06878306878306878
1 0.16183035714285712 0.27579365079365076 0.0523313492063492 0.0958994708994709
1 0.2632688492063492 0.3032407407407407 0.044890873015873016 0.07738095238095238
1 0.35962301587301587 0.27761243386243384 0.060019841269841265 0.09556878306878307
1 0.47470238095238093 0.2628968253968254 0.05555555555555555 0.08002645502645503
1 0.605406746031746 0.2802579365079365 0.05803571428571428 0.08167989417989417
1 0.7028769841269841 0.28852513227513227 0.05109126984126984 0.08432539682539682
1 0.7802579365079365 0.3277116402116402 0.06597222222222222 0.08796296296296297
1 0.8373015873015872 0.3341600529100529 0.043154761904761904 0.05191798941798942
1 0.9094742063492063 0.3146494708994709 0.053075396825396824 0.08101851851851852
