1 0.10598290598290598 0.33194444444444443 0.021367521367521368 0.0638888888888889
1 0.1683760683760684 0.33055555555555555 0.017094017094017096 0.06481481481481481
1 0.20405982905982906 0.33194444444444443 0.019230769230769232 0.05092592592592593
1 0.33803418803418805 0.42685185185185187 0.035897435897435895 0.13333333333333333
1 0.39444444444444443 0.3472222222222222 0.024786324786324785 0.06481481481481481
1 0.4617521367521368 0.3523148148148148 0.021794871794871794 0.04351851851851852
1 0.5314102564102564 0.3402777777777778 0.03034188034188034 0.04722222222222222
1 0.6448717948717949 0.350462962962963 0.02735042735042735 0.07314814814814816
1 0.6955128205128205 0.375462962962963 0.031196581196581197 0.06944444444444445
1 0.7673076923076924 0.40185185185185185 0.03376068376068376 0.10370370370370371
