1 0.3217948717948718 0.2898148148148148 0.05726495726495726 0.13703703703703704
1 0.37905982905982905 0.4027777777777778 0.01623931623931624 0.05185185185185186
1 0.41752136752136754 0.40185185185185185 0.026495726495726495 0.05555555555555556
1 0.4514957264957265 0.425462962962963 0.008974358974358974 0.026851851851851852
1 0.47884615384615387 0.40092592592592596 0.01752136752136752 0.03518518518518519
1 0.5252136752136752 0.39351851851851855 0.022222222222222223 0.04814814814814815
1 0.5497863247863248 0.37777777777777777 0.029487179487179487 0.08703703703703704
1 0.6346153846153846 0.38333333333333336 0.037606837606837605 0.07407407407407407
1 0.697008547008547 0.3712962962962963 0.05384615384615385 0.16296296296296298
1 0.7532051282051282 0.40231481481481485 0.031196581196581197 0.06759259259259259
