1 0.689957264957265 0.4981481481481482 0.027777777777777776 0.06666666666666667
1 0.6478632478632479 0.4902777777777778 0.017094017094017096 0.04537037037037037
1 0.629059829059829 0.49074074074074076 0.01623931623931624 0.05740740740740741
1 0.5931623931623932 0.4800925925925926 0.017948717948717947 0.049074074074074076
1 0.5698717948717948 0.5046296296296297 0.02094017094017094 0.044444444444444446
0 0.13931623931623932 0.46296296296296297 0.028205128205128206 0.07407407407407407
1 0.8239316239316239 0.4930555555555556 0.02393162393162393 0.058333333333333334
1 0.854059829059829 0.4981481481481482 0.010683760683760684 0.06296296296296297
1 0.888034188034188 0.4967592592592593 0.02393162393162393 0.06574074074074074
1 0.7647435897435897 0.5055555555555555 0.02435897435897436 0.07037037037037037
1 0.742948717948718 0.4981481481481482 0.02264957264957265 0.05740740740740741
1 0.79508547008547 0.48333333333333334 0.023504273504273504 0.07222222222222223
1 0.5264957264957265 0.4986111111111111 0.015384615384615385 0.04722222222222222
1 0.5395299145299145 0.5217592592592593 0.019230769230769232 0.03796296296296296
1 0.5123931623931623 0.5083333333333333 0.021367521367521368 0.040740740740740744
1 0.4391025641025641 0.5106481481481482 0.016666666666666666 0.032407407407407406
