0 0.25064102564102564 0.20324074074074075 0.02435897435897436 0.06574074074074074
1 0.8696581196581197 0.2884259259259259 0.035897435897435895 0.11203703703703705
1 0.780982905982906 0.2763888888888889 0.029487179487179487 0.08240740740740742
1 0.6696581196581196 0.2652777777777778 0.03247863247863248 0.06944444444444445
1 0.6288461538461538 0.28425925925925927 0.02863247863247863 0.05555555555555556
1 0.5782051282051281 0.27222222222222225 0.023076923076923078 0.08518518518518518
1 0.48376068376068376 0.2657407407407408 0.019658119658119658 0.05925925925925926
1 0.4423076923076923 0.28750000000000003 0.009401709401709401 0.04351851851851852
1 0.40064102564102566 0.2851851851851852 0.020085470085470087 0.05185185185185186
1 0.37414529914529915 0.28564814814814815 0.014957264957264958 0.036111111111111115
1 0.3215811965811966 0.27731481481481485 0.02264957264957265 0.04722222222222222
1 0.30641025641025643 0.28101851851851856 0.022222222222222223 0.05462962962962963
1 0.23696581196581196 0.2884259259259259 0.01581196581196581 0.030555555555555558
1 0.21794871794871795 0.2953703703703704 0.01452991452991453 0.04259259259259259
