1 0.6957264957264957 0.525 0.0641025641025641 0.17222222222222222
1 0.7664529914529915 0.4138888888888889 0.03974358974358974 0.12222222222222223
1 0.8239316239316239 0.3592592592592593 0.05641025641025641 0.12962962962962962
1 0.8972222222222223 0.3851851851851852 0.04829059829059829 0.1425925925925926
1 0.9083333333333333 0.250462962962963 0.04658119658119658 0.10092592592592593
1 0.8141025641025641 0.21712962962962964 0.05042735042735043 0.07314814814814816
1 0.7865384615384615 0.23240740740740742 0.03034188034188034 0.0925925925925926
1 0.6965811965811965 0.3597222222222222 0.040170940170940174 0.11203703703703705
1 0.6521367521367522 0.3416666666666667 0.020512820512820513 0.07037037037037037
1 0.6271367521367521 0.3814814814814815 0.02264957264957265 0.09444444444444444
1 0.6057692307692307 0.33611111111111114 0.025213675213675214 0.06666666666666667
1 0.5824786324786325 0.3212962962962963 0.02564102564102564 0.06666666666666667
1 0.5258547008547009 0.3263888888888889 0.02435897435897436 0.05648148148148149
1 0.4822649572649573 0.3699074074074074 0.020085470085470087 0.06759259259259259
1 0.44743589743589746 0.40601851851851856 0.02564102564102564 0.062037037037037036
1 0.43162393162393164 0.4412037037037037 0.02564102564102564 0.04722222222222222
1 0.41794871794871796 0.4 0.011111111111111112 0.05740740740740741
1 0.38354700854700857 0.39166666666666666 0.027777777777777776 0.05740740740740741
1 0.35170940170940174 0.5282407407407408 0.03247863247863248 0.0787037037037037
1 0.37927350427350426 0.6601851851851852 0.06282051282051282 0.20555555555555557
1 0.4935897435897436 0.6949074074074074 0.10170940170940171 0.25833333333333336
1 0.2914529914529915 0.5013888888888889 0.02735042735042735 0.07314814814814816
1 0.28888888888888886 0.4351851851851852 0.01452991452991453 0.040740740740740744
1 0.32735042735042735 0.5435185185185185 0.026495726495726495 0.0925925925925926
1 0.2668803418803419 0.6518518518518519 0.031196581196581197 0.1574074074074074
1 0.3094017094017094 0.6773148148148148 0.03247863247863248 0.125
1 0.23183760683760685 0.5268518518518519 0.019230769230769232 0.044444444444444446
1 0.2636752136752137 0.513888888888889 0.022222222222222223 0.06851851851851852
1 0.2185897435897436 0.5203703703703704 0.020085470085470087 0.0462962962962963
1 0.20534188034188033 0.49583333333333335 0.018376068376068377 0.04166666666666667
1 0.2049145299145299 0.6083333333333334 0.03290598290598291 0.08703703703703704
1 0.16474358974358974 0.587962962962963 0.020085470085470087 0.061111111111111116
1 0.14123931623931624 0.5884259259259259 0.02606837606837607 0.04537037037037037
1 0.13247863247863248 0.5606481481481481 0.028205128205128206 0.04722222222222222
1 0.1076923076923077 0.5791666666666667 0.021367521367521368 0.03796296296296296
1 0.12435897435897436 0.5041666666666667 0.015384615384615385 0.036111111111111115
