1 0.33931623931623933 0.5615740740740741 0.024786324786324785 0.06574074074074074
1 0.3623931623931624 0.5212962962962964 0.01623931623931624 0.05925925925925926
1 0.3856837606837607 0.5162037037037037 0.014957264957264958 0.04351851851851852
1 0.41474358974358977 0.5013888888888889 0.01752136752136752 0.04166666666666667
1 0.4980769230769231 0.4638888888888889 0.021794871794871794 0.04814814814814815
1 0.8284188034188035 0.48750000000000004 0.01752136752136752 0.04537037037037037
1 0.7925213675213675 0.5412037037037037 0.01581196581196581 0.04351851851851852
1 0.7760683760683761 0.5208333333333334 0.021367521367521368 0.0712962962962963
1 0.7188034188034188 0.48379629629629634 0.015384615384615385 0.032407407407407406
1 0.7579059829059829 0.6407407407407407 0.03974358974358974 0.0925925925925926
1 0.6959401709401709 0.5949074074074074 0.020085470085470087 0.08055555555555556
1 0.6905982905982906 0.48055555555555557 0.017094017094017096 0.04814814814814815
1 0.6378205128205128 0.5273148148148148 0.016666666666666666 0.06018518518518519
1 0.6664529914529914 0.4740740740740741 0.014102564102564103 0.040740740740740744
1 0.6087606837606837 0.5268518518518519 0.02435897435897436 0.06666666666666667
1 0.5848290598290599 0.4898148148148148 0.016666666666666666 0.0462962962962963
