1 0.1467948717948718 0.6185185185185186 0.1141025641025641 0.32962962962962966
1 0.23141025641025642 0.45416666666666666 0.06623931623931624 0.23055555555555557
1 0.38247863247863245 0.7300925925925926 0.11965811965811966 0.19351851851851853
1 0.5814102564102565 0.5675925925925926 0.09615384615384616 0.20555555555555557
1 0.7754273504273504 0.5444444444444445 0.09700854700854701 0.20185185185185187
1 0.20897435897435898 0.1726851851851852 0.06837606837606838 0.13240740740740742
1 0.32222222222222224 0.22870370370370371 0.062393162393162394 0.15925925925925927
1 0.3386752136752137 0.0912037037037037 0.051709401709401706 0.10462962962962963
1 0.4651709401709402 0.30833333333333335 0.09188034188034189 0.2111111111111111
1 0.6202991452991453 0.32546296296296295 0.08247863247863248 0.18796296296296297
1 0.7074786324786325 0.33425925925925926 0.06794871794871794 0.1925925925925926
1 0.5094017094017094 0.17222222222222222 0.038461538461538464 0.13148148148148148
1 0.6747863247863248 0.07731481481481482 0.02564102564102564 0.06759259259259259
1 0.5982905982905983 0.04166666666666667 0.03333333333333333 0.07037037037037037
1 0.5673076923076923 0.09537037037037037 0.04316239316239316 0.08148148148148149
1 0.4126068376068376 0.03564814814814815 0.03376068376068376 0.06944444444444445
1 0.4636752136752137 0.030555555555555558 0.02905982905982906 0.05925925925925926
1 0.8730769230769231 0.2537037037037037 0.044444444444444446 0.10925925925925926
1 0.897008547008547 0.13055555555555556 0.03076923076923077 0.0925925925925926
1 0.8023504273504274 0.24861111111111112 0.053418803418803416 0.09351851851851853
1 0.8224358974358974 0.16018518518518518 0.026923076923076925 0.053703703703703705
1 0.7564102564102564 0.21805555555555556 0.028205128205128206 0.08055555555555556
