1 0.15491452991452992 0.40740740740740744 0.011538461538461539 0.044444444444444446
1 0.17414529914529914 0.4078703703703704 0.021794871794871794 0.062037037037037036
1 0.21987179487179487 0.40925925925925927 0.02264957264957265 0.08148148148148149
1 0.27713675213675215 0.42453703703703705 0.031196581196581197 0.06759259259259259
1 0.33760683760683763 0.4777777777777778 0.02905982905982906 0.07592592592592592
1 0.40512820512820513 0.4689814814814815 0.039316239316239315 0.11388888888888889
1 0.5051282051282051 0.5212962962962964 0.035897435897435895 0.08333333333333334
1 0.6138888888888889 0.5439814814814815 0.03461538461538462 0.11203703703703705
1 0.7790598290598291 0.5930555555555556 0.05726495726495726 0.11203703703703705
1 0.7615384615384615 0.45601851851851855 0.035897435897435895 0.06944444444444445
1 0.5615384615384615 0.38101851851851853 0.017948717948717947 0.04722222222222222
1 0.5764957264957264 0.4324074074074074 0.021367521367521368 0.05185185185185186
1 0.5335470085470085 0.39675925925925926 0.021794871794871794 0.06574074074074074
1 0.43696581196581197 0.3902777777777778 0.020085470085470087 0.06018518518518519
1 0.4617521367521368 0.4203703703703704 0.019230769230769232 0.053703703703703705
1 0.37905982905982905 0.3944444444444445 0.02393162393162393 0.05185185185185186
1 0.3211538461538462 0.3893518518518519 0.02094017094017094 0.05277777777777778
