1 0.12094017094017094 0.4273148148148148 0.03162393162393162 0.08055555555555556
1 0.21495726495726497 0.5740740740740741 0.05555555555555555 0.11111111111111112
1 0.39294871794871794 0.5550925925925926 0.049145299145299144 0.12314814814814816
1 0.5002136752136752 0.513425925925926 0.03461538461538462 0.09907407407407408
1 0.5373931623931624 0.4671296296296297 0.021794871794871794 0.06018518518518519
1 0.3435897435897436 0.4314814814814815 0.026495726495726495 0.05555555555555556
1 0.6474358974358975 0.48194444444444445 0.029914529914529916 0.075
1 0.6987179487179487 0.4638888888888889 0.02735042735042735 0.05925925925925926
1 0.7534188034188034 0.4425925925925926 0.02393162393162393 0.04259259259259259
1 0.7824786324786325 0.44583333333333336 0.021367521367521368 0.06759259259259259
1 0.8136752136752137 0.4203703703703704 0.018803418803418803 0.06666666666666667
1 0.8405982905982906 0.4240740740740741 0.024786324786324785 0.0462962962962963
1 0.860897435897436 0.42453703703703705 0.025213675213675214 0.03981481481481482
