1 0.8017094017094017 0.35185185185185186 0.02735042735042735 0.08703703703703704
1 0.7626068376068376 0.31527777777777777 0.020085470085470087 0.062037037037037036
1 0.6987179487179487 0.31712962962962965 0.017094017094017096 0.049074074074074076
1 0.6807692307692308 0.2949074074074074 0.018803418803418803 0.049074074074074076
1 0.6397435897435897 0.2884259259259259 0.020512820512820513 0.058333333333333334
1 0.7252136752136752 0.47453703703703703 0.03504273504273504 0.10833333333333334
1 0.6673076923076923 0.4287037037037037 0.03717948717948718 0.10185185185185186
1 0.6023504273504273 0.375462962962963 0.031196581196581197 0.08981481481481482
1 0.5510683760683761 0.362962962962963 0.03632478632478633 0.0925925925925926
1 0.491025641025641 0.31157407407407406 0.018803418803418803 0.058333333333333334
1 0.475 0.28703703703703703 0.01752136752136752 0.037037037037037035
1 0.36709401709401707 0.27222222222222225 0.019658119658119658 0.03518518518518519
1 0.2282051282051282 0.3037037037037037 0.01623931623931624 0.04814814814814815
1 0.18867521367521367 0.31851851851851853 0.02264957264957265 0.07407407407407407
1 0.14123931623931624 0.3717592592592593 0.03632478632478633 0.08611111111111111
