1 0.49743589743589745 0.3902777777777778 0.10256410256410256 0.25462962962962965
1 0.2108974358974359 0.3125 0.06282051282051282 0.12685185185185185
1 0.2608974358974359 0.3300925925925926 0.03290598290598291 0.0712962962962963
1 0.1032051282051282 0.29305555555555557 0.03034188034188034 0.07314814814814816
1 0.11794871794871795 0.22175925925925927 0.035897435897435895 0.058333333333333334
1 0.3623931623931624 0.27314814814814814 0.020512820512820513 0.03888888888888889
1 0.3331196581196581 0.27175925925925926 0.02606837606837607 0.04351851851851852
1 0.8098290598290598 0.4 0.06068376068376068 0.13518518518518519
1 0.8685897435897436 0.3731481481481482 0.049145299145299144 0.13333333333333333
1 0.5790598290598291 0.26157407407407407 0.03333333333333333 0.07314814814814816
1 0.6235042735042735 0.2814814814814815 0.022222222222222223 0.05185185185185186
