1 0.48696581196581196 0.5509259259259259 0.013247863247863248 0.03333333333333333
1 0.4183760683760684 0.5606481481481481 0.01282051282051282 0.030555555555555558
1 0.5190170940170941 0.5425925925925926 0.010683760683760684 0.03333333333333333
1 0.5433760683760683 0.538425925925926 0.016666666666666666 0.032407407407407406
1 0.5775641025641025 0.5416666666666667 0.019230769230769232 0.03518518518518519
1 0.6175213675213675 0.5351851851851852 0.021367521367521368 0.037037037037037035
1 0.6519230769230769 0.5212962962962964 0.01752136752136752 0.03888888888888889
1 0.6745726495726496 0.5259259259259259 0.009829059829059829 0.024074074074074074
1 0.6914529914529914 0.5314814814814816 0.01282051282051282 0.02962962962962963
1 0.7055555555555556 0.5106481481481482 0.018803418803418803 0.021296296296296296
1 0.7427350427350428 0.5310185185185186 0.015384615384615385 0.028703703703703703
1 0.7816239316239316 0.5273148148148148 0.01452991452991453 0.03796296296296296
1 0.79508547008547 0.5092592592592593 0.011538461538461539 0.024074074074074074
1 0.826068376068376 0.5106481481481482 0.013675213675213675 0.026851851851851852
1 0.8463675213675214 0.5101851851851852 0.013247863247863248 0.022222222222222223
