0 0.6354700854700854 0.26944444444444443 0.03418803418803419 0.11851851851851852
1 0.7181623931623932 0.5092592592592593 0.03461538461538462 0.09444444444444444
1 0.5897435897435898 0.46435185185185185 0.021367521367521368 0.06574074074074074
1 0.48376068376068376 0.4365740740740741 0.03247863247863248 0.05462962962962963
1 0.39871794871794874 0.4240740740740741 0.02393162393162393 0.0462962962962963
1 0.34786324786324785 0.4 0.010256410256410256 0.03518518518518519
1 0.32414529914529916 0.41944444444444445 0.02264957264957265 0.05185185185185186
1 0.29743589743589743 0.4902777777777778 0.02905982905982906 0.1175925925925926
1 0.42457264957264956 0.5620370370370371 0.03547008547008547 0.11481481481481481
1 0.24572649572649571 0.4763888888888889 0.026495726495726495 0.08425925925925926
1 0.19957264957264959 0.40972222222222227 0.015384615384615385 0.028703703703703703
1 0.13547008547008546 0.47870370370370374 0.029914529914529916 0.05185185185185186
1 0.11602564102564103 0.4083333333333333 0.016666666666666666 0.0462962962962963
1 0.16111111111111112 0.41620370370370374 0.01623931623931624 0.030555555555555558
1 0.2376068376068376 0.3976851851851852 0.019658119658119658 0.025
1 0.27136752136752135 0.3976851851851852 0.015384615384615385 0.028703703703703703
